1.5	-8.586888500000004	 349.01	2	6	 1841	1	0.571428571429	1	 1621	3	 967	9
1.0	-98.57984099999999	 996.924	1	4	 2873	9	0.568965517241	12	 29199	40	 11396	11
3.6	-178.57156119999996	 4944.9	5	10	 28143	31	0.74358974359	33	 30328	1	 44550	19
5.0	-89.09738700000003	 1771.26	2	4	 2141	1	0.0	2	 22	2	 1630	6
3.0	-77.46811419999997	 1621.69	2	7	 20293	1	0.714285714286	1	 6857	4	 5631	7
6.0	59.29467800000002	 3157.83	4	20	 30969	2	0.461538461538	2	 10179	3	 28825	22
3.1666666666666665	87.18820149999999	 2368.24	6	30	 15133	1	0.666666666667	2	 0	2	 13077	31
18.428571428571427	-9.790057714285714	 4889.87	7	9	 22110	1	1.0	1	 6	1	 5888	11
4.0	310.3545235	 639.388	2	9	 28736	1	1.0	1	 14375	2	 28170	12
1.5	-305.4698791503906	 2327.68	2	21	 25198	1	1.0	1	 11409	2	 5104	22
7.545454545454546	-129.5364660909092	 9315.15	11	13	 34242	1	0.428571428571	1	 1423	2	 20559	14
6.0	353.16747991744484	 935.1	3	7	 7917	3	0.428571428571	3	 2869	2	 8125	6
10.222222222222221	106.036886	 6282.05	9	18	 24057	1	0.75	2	 61	4	 7499	18
18.666666666666668	76.25420099999997	 3350.81	6	7	 41726	1	0.571428571429	1	 852	3	 35385	8
2.0	-29.869997000000012	 920.837	1	5	 3673	1	0.285714285714	1	 6231	4	 15777	8
2.727272727272727	-366.30940699999996	 12672.4	11	26	 81608	2	0.214285714286	2	 4412	2	 71181	26
2.5	243.70922550000003	 274.632	2	13	 96480	1	0.857142857143	1	 22	1	 10714	16
3.3333333333333335	-204.94895899999997	 1840.94	3	14	 22274	5	0.742857142857	5	 14533	3	 32578	17
2.75	-6.2680782499999665	 3462.58	4	13	 42405	3	0.809523809524	3	 45604	6	 64250	15
4.0	-150.10188380000005	 4608.83	5	20	 135119	1	0.857142857143	1	 97	3	 149077	20
7.2	-48.91713979999997	 3802.06	5	24	 70164	18	0.931034482759	19	 42038	37	 75547	30
2.2857142857142856	-250.2780752857143	 5680.15	7	26	 239	30	0.75	30	 344295	34	 2781	29
7.0	372.8373160000001	 751.781	2	4	 3061	1	0.5	2	 978	2	 2089	5
2.0	-130.57897400000002	 640.377	1	14	 20673	2	0.714285714286	2	 13719	6	 25591	19
2.5	388.641022	 823.259	2	22	 32875	4	0.785714285714	4	 12686	4	 22013	22
68.0	249.0455480000002	 549.931	1	3	 892	1	0.833333333333	2	 533	2	 1871	4
4.0	-351.04312045000006	 2262.67	2	9	 7623	1	0.416666666667	2	 4868	3	 8363	12
5.7	-62.0927511	 8910.84	10	10	 16905	32	0.641509433962	35	 651	3	 1890	12
14.75	326.59460075000004	 1361.82	4	13	 31418	1	0.916666666667	2	 4685	3	 10514	14
5.0	-100.40472600000004	 1683.2	2	8	 10834	1	0.142857142857	1	 2302	2	 5221	8
10.833333333333334	77.67861383333337	 3031.9	6	10	 57622	1	0.857142857143	2	 6	33	 56926	14
25.0	387.4275795	 1573.97	4	7	 7125	2	0.857142857143	3	 11224	33	 8368	11
2.6	-55.542684399999985	 3994.98	5	7	 15832	1	0.714285714286	1	 2542	4	 35269	10
9.333333333333334	208.11541649999995	 2718.08	6	12	 5663	2	0.214285714286	2	 12782	4	 14970	18
5.142857142857143	-116.97181694382587	 11426.6	14	39	 73601	29	0.683333333333	30	 21356	8	 226249	41
4.428571428571429	-33.75421785714289	 5275.31	7	29	 83026	1	0.571428571429	1	 6907	3	 7549	30
11.0	-357.657662	 1105.32	1	6	 1885	4	0.857142857143	4	 15672	7	 5740	12
1.5	-25.849019499999986	 2784.82	4	7	 7784	1	0.0	2	 8735	6	 1648	11
5.0	27.772625499999997	 981.954	2	2	 2216	3	0.142857142857	3	 186	3	 0	6
10.0	-168.57666699999987	 976.425	1	3	 1170	1	0.571428571429	1	 7314	3	 12919	8
14.333333333333334	250.82340166666668	 747.765	3	4	 1928	1	0.285714285714	1	 2769	5	 5006	7
3.5555555555555554	-242.0933996666667	 8624.64	9	10	 34142	3	0.238095238095	3	 7804	3	 27435	10
40.0	410.3992909999998	 366.577	1	2	 567	1	0.666666666667	2	 1886	2	 797	4
2.0	-70.31032233333336	 1902.49	3	15	 24587	1	0.142857142857	1	 1547	31	 24371	14
1.375	-156.553855125	 7612.9	8	13	 27061	22	0.365853658537	24	 19877	12	 20409	14
1.0	-37.427999	 887.905	1	12	 3943	1	0.714285714286	1	 2585	2	 386	15
17.5	16.33933149999995	 481.043	2	7	 2195	1	0.142857142857	1	 745	5	 2351	11
5.285714285714286	66.23366928571419	 3605.34	7	33	 177660	1	0.571428571429	1	 50917	6	 23130	12
2.0	730.7716522216797	 -516.543	2	2	 245	1	1.0	2	 3227	4	 6098	9
1.0	-9.208708999999999	 555.034	1	8	 9073	1	0.857142857143	1	 18	1	 3064	8
14.5	-267.3968995000001	 4037.61	4	7	 6	3	0.52380952381	3	 10974	4	 5953	9
1.0	166.0	 0	1	11	 32	2	0.571428571429	2	 1965	4	 238	11
6.0	-189.84661700000004	 942.705	1	3	 4995	2	1.0	2	 585	4	 0	4
7.875	-10.851667124999988	 5098.34	8	8	 10588	2	0.894736842105	3	 2264	5	 8552	10
1.0	-140.0	 144	1	3	 1	1	0.666666666667	2	 577	3	 518	5
4.5	-43.44475075	 3360.33	4	6	 6926	1	0.916666666667	2	 481	3	 689	7
1.0	393.818	 15.182	1	5	 3864	11	0.923076923077	13	 10937	32	 301	5
59.785714285714285	174.59560857142858	 7434.38	14	17	 54576	4	0.69696969697	5	 8747	5	 81250	18
1.5	14.653390999999992	 1378.9	2	9	 24797	1	0.785714285714	2	 22914	2	 23097	12
19.5	49.081300999999996	 2718.13	4	12	 25	1	0.571428571429	1	 0	35	 569	17
4.0	692.0	 206.493	1	11	 9395	1	0.714285714286	1	 2884	6	 10151	16
31.0	284.0247483076922	 6223.36	13	12	 16517	4	0.571428571429	4	 3106	4	 4380	15
6.714285714285714	77.70149171428577	 4916.81	7	21	 51005	1	0.583333333333	2	 24	3	 4936	24
6.0	-275.8880024	 4111.58	5	8	 10552	1	0.5	2	 1253	3	 13451	9
2.0	-126.588701	 712.261	1	8	 4183	1	1.0	1	 20	4	 4539	9
3.0	-71.57219316666665	 5366.12	6	9	 78178	3	0.6	3	 0	30	 13796	8
7.5	-218.58856949999992	 2178.32	2	6	 16788	1	0.571428571429	1	 748	2	 32890	6
10.0	134.79892725000002	 2478.46	4	7	 39524	1	0.5	2	 41296	4	 77908	9
2.6	-43.424096000000006	 4184.78	5	6	 15198	1	0.75	2	 760	4	 8815	9
2.0	623.7452499999999	 -36.7452	1	10	 6304	1	0.571428571429	1	 8159	2	 2383	12
3.25	-278.94041725000005	 4590.38	4	8	 63263	2	0.714285714286	2	 9254	1	 50225	9
2.75	100.43958225	 2164.4	4	11	 16753	31	0.837209302326	31	 57660	7	 28911	15
1.0	-21.365351000000032	 918.663	1	5	 8906	1	0.428571428571	1	 5713	2	 12578	8
4.0	762.9969999999998	 78.961	1	14	 4234	1	1.0	2	 103	6	 3902	20
2.8	-30.3950034	 7496.32	10	15	 57351	3	0.424242424242	5	 22138	3	 19157	21
4.857142857142857	298.6058222857143	 1102.45	7	11	 231505	1	0.857142857143	1	 566	3	 260307	14
2.0	38.921938	 -7.92194	1	1	 47	1	0.285714285714	1	 1974	4	 45	5
6.0	281.81441374999997	 1659.68	4	13	 101	1	0.583333333333	2	 0	1	 12274	12
46.666666666666664	692.1819060282706	 34.5243	3	4	 14737	1	0.416666666667	2	 63	1	 12311	4
2.6	338.661539	 215.692	5	15	 944	1	0.75	2	 2661	1	 1928	15
105.6	780.5116064	 70.051	5	11	 10612	1	0.142857142857	1	 9544	2	 25862	12
2.2857142857142856	-295.6605844761904	 20097.6	21	41	 253391	6	0.925925925926	8	 81123	9	 272351	43
9.666666666666666	48.47447433333334	 8475.08	12	7	 1727	1	1.0	1	 0	2	 81	12
7.111111111111111	-5.066083398939323	 6113.06	9	8	 40519	2	0.571428571429	2	 5827	2	 11425	14
8.5	-104.68314816666668	 5533.35	6	12	 31365	1	0.833333333333	2	 2731	2	 31912	13
2.0	-11.550302166666663	 2621.1	6	17	 37742	5	0.595238095238	6	 14338	7	 26221	23
11.0	306.09793824999997	 1827.44	4	10	 2178	4	0.424242424242	5	 1985	5	 2500	11
2.6666666666666665	-52.361893466666686	 1929.83	3	8	 10768	31	0.692307692308	31	 1551	1	 9593	9
6.777777777777778	-94.57500222222222	 7649.46	9	3	 14053	3	0.571428571429	3	 6366	3	 3331	7
3.5	50.298649999999995	 1542.57	2	3	 1621	1	0.571428571429	1	 1930	3	 267	5
5.0	-155.538608	 694.074	1	7	 17804	3	0.52380952381	3	 3791	4	 1796	8
3.0	-27.278639	 876.928	1	7	 6807	1	0.857142857143	2	 11917	3	 4706	10
7.428571428571429	195.75833099999997	 1353.82	7	8	 138672	2	0.52380952381	3	 15933	2	 112133	12
2.0	83.9663861	 134.034	1	5	 888	11	0.947368421053	13	 1990	32	 542	6
6.0	335.81257800000003	 12.1431	1	18	 26537	1	0.666666666667	2	 2033	4	 30883	20
3.0	796.819252	 -93.6943	1	7	 698	29	0.363636363636	32	 138338	33	 661	12
3.0	-490.67409900000007	 1287.89	1	11	 24929	1	0.142857142857	1	 1308	2	 24144	12
2.0	119.5028382	 350.777	1	9	 24212	1	0.285714285714	1	 7410	3	 27874	10
4.0	-268.27336299999996	 945.925	2	5	 2258	31	0.783783783784	31	 2133	1	 1753	3
13.5	263.107177	 425.786	2	14	 762	1	0.142857142857	1	 1198	3	 5149	16
3.0	323.38020451137	 2884.93	7	2	 10844	4	0.666666666667	5	 53628	4	 919	4
2.0	19.8488665	 78.3023	2	17	 10265	3	0.484848484848	5	 4816	4	 26182	23
1.5	43.454192500000005	 593.962	2	41	 4051	1	0.857142857143	2	 2439	32	 6580	43
14.176470588235293	-131.98216076470587	 15217.8	17	23	 142984	1	0.857142857143	1	 43693	34	 125412	25
6.333333333333333	30.743459333333345	 2244.08	3	5	 2724	4	0.666666666667	5	 4778	6	 2603	9
1.0	-20.017471999999998	 786.629	1	6	 2664	1	0.75	2	 2923	3	 2100	9
3.8	51.2368412	 2787.98	5	26	 37376	2	0.428571428571	2	 3702	4	 35463	26
1.6666666666666667	-259.678204	 5783.48	6	14	 19414	1	0.416666666667	2	 5500	3	 11367	17
2.5	-90.86588599999997	 1260.45	2	8	 5494	1	0.714285714286	1	 24	4	 1770	8
1.0	-105.15148800000003	 1755.91	2	4	 6448	2	0.923076923077	4	 1034	2	 15090	7
31.0	36.79240400000003	 806.582	1	12	 24354	32	0.901960784314	33	 86967	36	 22398	16
28.0	-305.82714500000014	 1008.74	1	5	 5732	1	0.428571428571	1	 9283	3	 4599	7
15.0	290.479629	 642.041	2	6	 10328	1	0.928571428571	2	 2527	2	 7788	7
5.333333333333333	-23.425505200000007	 10032.6	15	19	 9086	12	0.733333333333	12	 29308	33	 19857	20
2.0	33.296002	 -4.296	1	1	 31	2	1.0	3	 71	3	 60	2
1.5	555.0	 586.986	2	9	 17687	1	0.142857142857	1	 816	4	 2236	11
2.5	-11.847969500000021	 949.652	2	15	 30999	1	0.833333333333	2	 3820	35	 5377	20
5.0	-36.41246850000002	 884.047	2	10	 277597	1	0.857142857143	1	 37	1	 222267	11
1.0	-83.415485	 2682.96	4	11	 8164	3	0.52380952381	3	 7769	34	 4482	11
2.0	-68.1488640972046	 8830.44	10	11	 27263	31	0.568181818182	32	 117609	2	 128633	19
14.2	-36.493840200000044	 3484.81	5	6	 40305	1	0.428571428571	1	 1989	2	 40981	8
9.0	-67.20500300000018	 856.093	1	3	 2303	1	0.714285714286	1	 1759	4	 4133	5
16.0	402.978204	 318.86	1	10	 8885	1	0.857142857143	1	 4127	4	 8401	11
6.285714285714286	-135.10383928571426	 6536.78	7	13	 19752	3	0.714285714286	3	 7716	1	 14166	13
4.615384615384615	-232.48143138461535	 13356	13	24	 185409	4	0.666666666667	5	 64709	6	 146892	24
2.75	9.136791500000008	 1787.04	4	5	 17528	2	0.761904761905	3	 7099	2	 5129	8
9.0	134.9393269999999	 1597.63	4	1	 64504	3	0.380952380952	3	 3523	2	 64516	2
3.6363636363636362	119.522384	 5369.84	11	20	 24241	2	0.357142857143	2	 0	1	 16553	23
12.857142857142858	195.23789157142852	 3747.59	7	8	 4964	1	0.714285714286	1	 1371	2	 0	8
10.5	-120.48232999999982	 1806.52	2	3	 5801	1	0.833333333333	2	 22601	4	 15873	7
5.0	-153.59298	 304.431	1	4	 10408	1	1.0	2	 802	4	 421	6
2.5	-453.2467525	 2360.35	2	13	 7837	3	0.807692307692	4	 28870	5	 47986	10
6.666666666666667	71.96405199999998	 1481.18	3	4	 2752	1	0.666666666667	2	 652	1	 1104	4
1.0	-804.1165000000001	 3255.72	2	10	 2735	1	0.5	2	 142	5	 4227	10
17.0	101.0	 568	1	16	 1485	3	0.714285714286	3	 12039	39	 10042	24
1.5	-78.02091449999999	 1562.68	2	8	 29281	2	0.5	2	 1759	4	 20080	13
2.5	-183.23050999999998	 2139.87	2	3	 3837	1	0.428571428571	1	 2766	2	 1122	6
6.166666666666667	207.65090833333332	 2216.55	6	8	 48281	3	0.714285714286	3	 16237	3	 47039	9
2.0	-49.67668866666668	 1759.06	3	4	 1843	15	1.0	15	 105838	40	 6197	13
6.333333333333333	259.859903	 1520.27	3	6	 6010	14	0.769230769231	14	 52131	33	 961	8
8.0	-93.54641350000003	 1785.09	2	2	 2693	1	0.416666666667	2	 61	3	 80	3
22.75	335.68910875	 647.244	4	8	 695	1	0.0	1	 663	2	 1369	7
13.166666666666666	-217.8681645555556	 15113.1	18	27	 236430	21	0.775	22	 39121	3	 200403	22
2.6666666666666665	-142.63384366666665	 1304.26	3	19	 20533	1	1.0	1	 1060	3	 6652	20
22.666666666666668	143.1558336666666	 1505.88	3	7	 17717	1	0.142857142857	1	 327	3	 16629	7
3.25	-1.809454500000001	 2986.32	4	3	 3018	1	1.0	2	 3569	2	 0	5
1.0	-30.96624399999999	 829.887	1	36	 54	1	0.5	2	 3669	6	 2291	40
1.0	-14.203228999999993	 781.303	1	6	 1135	1	0.666666666667	2	 1887	2	 5300	7
10.25	-48.599602749999974	 6814.35	8	12	 44641	1	1.0	1	 4909	1	 48163	11
2.0	23.480197333333383	 2109.54	3	10	 11971	1	0.571428571429	1	 10031	2	 21485	11
1.0	172.543	 391.197	1	9	 10954	1	0.75	2	 21680	4	 11004	7
1.0	206.0	 5.333	1	3	 17150	2	0.928571428571	2	 155	2	 20	7
6.75	45.85734074999999	 2809.62	4	19	 53955	1	0.714285714286	1	 10594	3	 55949	19
1.5	-46.557531499999996	 710.601	2	3	 1594	30	0.96875	32	 323424	31	 8089	4
4.0	0.0	 63	1	7	 722	1	0.928571428571	2	 324	2	 314	7
2.0	66.18877633333331	 1275.06	3	7	 12564	1	0.285714285714	1	 418	2	 1698	11
3.7058823529411766	180.88706331973805	 8763.21	17	9	 20708	15	0.653846153846	17	 40215	35	 38925	15
6.5	-391.45057299999996	 2150.47	2	10	 116849	1	1.0	1	 22081	5	 211870	19
5.555555555555555	13.329350666666667	 6814.79	9	9	 104538	1	0.285714285714	1	 4278	3	 47659	10
7.5	-263.629697	 1860.81	2	3	 3693	24	0.612903225806	25	 90374	33	 9286	7
1.3333333333333333	506.681491	 954.085	3	3	 3853	11	0.157894736842	13	 7728	31	 2616	4
3.0	-76.94298300000001	 1159.08	2	7	 10211	1	0.833333333333	2	 3253	5	 2711	12
1.0	-18.966	 763.527	1	17	 80235	1	0.761904761905	2	 7311	3	 77958	19
6.333333333333333	106.63904833333332	 742.232	3	8	 5289	1	0.857142857143	2	 36896	4	 39777	13
6.0	469.412626	 404.175	2	4	 253	1	0.142857142857	1	 894	5	 170	7
10.4	2183.9583745700006	 -14498.1	10	15	 9398	1	0.857142857143	2	 647	2	 2634	17
11.153846153846153	610.0843326153846	 798.851	13	18	 9823	1	0.0	1	 2520	3	 22819	20
24.0	-616.3887880000001	 1381.41	1	5	 76	3	0.571428571429	3	 18930	5	 5820	8
2.5	128.91212099999996	 731.47	2	4	 47776	1	0.833333333333	2	 437	2	 47772	4
2.2	-32.615722399999996	 3606.2	5	7	 47932	5	1.0	5	 297281	32	 108295	12
3.0	-34.308718	 2070.08	3	5	 11730	1	0.714285714286	1	 8134	2	 1488	7
8.666666666666666	-176.87598233333333	 2035.38	3	5	 5947	1	0.583333333333	2	 4330	3	 8153	3
2.0	8.818	 -4.249	1	17	 5549	11	0.785714285714	12	 11257	6	 13036	18
6.0	1080.8367440000002	 -375.141	1	11	 9787	3	0.75	4	 10643	3	 0	13
5.25	107.2569515	 2291.26	4	4	 2263	1	0.666666666667	1	 8818	4	 7738	9
4.612903225806452	114.99450006451612	 14621.8	31	35	 47428	3	0.607142857143	4	 4349	33	 28185	36
4.0	55.027127799999974	 2199.44	5	20	 1220	1	0.571428571429	1	 2697	5	 860	21
4.5	968.28811925	 -927.403	4	7	 1187	1	1.0	1	 376	3	 1278	10
10.5	-143.9774999999999	 1563.21	2	13	 25475	17	0.866666666667	18	 11519	3	 6739	22
1.0	-370.64318525000004	 2311.4	2	4	 3133	1	0.642857142857	2	 25341	3	 6174	7
5.0	141.41695842857143	 3775.24	7	14	 20371	1	0.285714285714	1	 2991	36	 19558	19
8.5	6.866078499999986	 1523.47	2	2	 28	1	0.0	1	 615	2	 20	5
6.0	-197.05152700000002	 1071.8	1	11	 20632	3	0.666666666667	3	 6283	3	 25771	13
6.333333333333333	401.3395728333333	 2323.86	6	13	 43152	2	0.904761904762	3	 0	5	 25489	17
3.857142857142857	-94.03919557142856	 6306.99	7	16	 20187	1	0.714285714286	1	 9	1	 19881	15
1.0	-19.42639399999996	 818.358	1	4	 1539	1	0.416666666667	2	 119693	5	 162539	4
2.6666666666666665	-45.81132266666668	 2503.79	3	6	 34538	1	0.714285714286	1	 109747	5	 72994	11
1.6666666666666667	152.68844033333335	 1067.25	3	4	 1298	2	0.714285714286	2	 1800	5	 848	8
1.0	139.753034	 350.535	1	5	 22347	1	0.142857142857	1	 2103	2	 4394	3
4.0	56.89566500000001	 399.525	1	6	 281	4	0.771428571429	5	 6934	33	 0	11
2.7142857142857144	-91.86210330000002	 3887.91	7	12	 6240	1	0.571428571429	1	 16025	3	 20007	13
1.0	189.326731	 97.1392	1	3	 407	2	0.714285714286	3	 4117	3	 4075	5
11.333333333333334	243.19256373333337	 2866.53	6	8	 2600	1	0.428571428571	1	 1319	3	 135	11
3.0	-34.606973999999944	 897.558	1	10	 851	1	0.5	2	 2133	2	 4905	8
4.5	-66.90672399999995	 1795.52	2	12	 1762	14	0.7	14	 500041	32	 583	13
1.0	39.551230000000004	 270.479	1	3	 304	1	0.416666666667	2	 719	2	 993	6
2.5	-43.39374049999999	 1020.6	2	4	 4361	6	0.5	6	 107901	33	 3593	7
1.0	-59.54510498046875	 779.09	1	6	 6765	1	0.166666666667	2	 4283	3	 15760	9
5.285714285714286	-46.59796957142855	 4255.41	7	7	 5787	1	0.333333333333	2	 2476	2	 681	6
5.0	-2.5809958333333043	 4235.51	6	21	 30274	2	0.928571428571	2	 7064	3	 29482	21
4.0	-13.971368999999973	 4945.93	7	8	 10733	1	0.714285714286	1	 12	3	 10749	12
1.0	-23.86099999999999	 828.872	1	9	 16221	1	0.285714285714	1	 13712	3	 27589	10
1.3333333333333333	-20.414283000000008	 2024.82	3	14	 17286	1	0.428571428571	1	 6050	2	 11950	15
4.0	408.7487245053053	 1134.89	4	16	 27693	20	0.512820512821	21	 6554	5	 28874	18
3.5	354.92751400000003	 650.583	2	4	 1694	3	0.761904761905	3	 12933	4	 15231	5
1.0	73.9	 0.1	1	6	 2956	1	1.0	1	 4075	2	 8058	9
18.0	592.7616771999999	 594.652	5	6	 5693	2	0.5	2	 5307	2	 8791	8
4.0	-81.54582600000003	 768.867	1	8	 68851	1	1.0	1	 12861	2	 90276	10
11.25	90.21710149999993	 1872.69	4	11	 8908	2	0.785714285714	2	 0	1	 5190	13
6.6	20.55764620000002	 3376.22	5	15	 17755	2	0.0	2	 519	33	 5660	13
8.0	270.93581500000005	 527.873	1	2	 544	1	0.714285714286	1	 6865	3	 7143	5
3.4	-20.112918	 2596.16	5	8	 6551	3	0.47619047619	3	 1132	3	 2182	8
6.428571428571429	25.371496428571454	 5403.43	7	16	 60268	1	0.583333333333	2	 23201	7	 27051	19
3.6666666666666665	-33.413908000000006	 2484.49	3	20	 11239	1	0.642857142857	2	 583	2	 4060	20
3.3076923076923075	14.645924256850002	 9488.85	13	12	 37888	29	0.5	32	 45029	1	 37894	13
4.0	-51.45663300000001	 975.747	2	6	 1201	1	0.666666666667	2	 2681	2	 5718	6
6.0	256.97695875	 728.752	4	8	 140817	2	0.714285714286	3	 2701	5	 140967	12
7.8	252.32038578000007	 3885.1	10	31	 110406	6	0.510204081633	7	 151668	35	 140684	31
5.777777777777778	96.83227922222224	 5225.75	9	19	 42449	2	0.555555555556	3	 2585	34	 16824	26
1.0588235294117647	734.5888354427674	 993.388	17	20	 4298	1	1.0	1	 73	3	 98	21
8.333333333333334	-47.5022846666667	 2457.22	3	6	 6766	3	0.333333333333	3	 22636	4	 26601	8
3.7777777777777777	-23.569961777777774	 7025.74	9	15	 22764	3	0.857142857143	3	 30882	4	 24220	17
15.666666666666666	417.5171533333333	 804.93	6	8	 3320	1	0.428571428571	1	 10150	3	 5535	10
1.0	-54.02771933333332	 1584.54	3	7	 12567	1	0.714285714286	1	 28605	2	 4525	10
15.0	-1118.9314409999997	 3868.75	2	2	 1747	1	0.714285714286	2	 0	1	 0	2
1.5	-46.9585545	 1182.13	2	6	 3334	33	0.981132075472	35	 4303	35	 1881	13
9.0	22.16620950000002	 6033.85	10	15	 44700	2	0.928571428571	2	 2659	1	 29109	16
4.857142857142857	418.5144735714286	 1474.92	7	13	 13542	1	0.285714285714	1	 3843	36	 8327	19
12.0	154.891521	 881.158	3	5	 6293	1	0.916666666667	2	 790	2	 11	6
2.75	-4.42990944999999	 2453.71	4	12	 77662	1	0.428571428571	1	 0	3	 231	12
1.0	-42.005998999999974	 871.318	1	4	 8163	2	0.428571428571	3	 49	32	 9442	9
3.3333333333333335	-436.0792836666667	 3586.9	3	6	 2279	4	0.787878787879	5	 9346	5	 3676	9
6.0	-109.6283716666667	 1438.73	3	6	 4199	1	0.666666666667	2	 3212	2	 5919	9
9.0	214.44759	 683.826	1	18	 36648	1	1.0	1	 115	31	 18905	16
9.5	-95.85684349999991	 1622.37	2	5	 2533	1	0.583333333333	2	 29704	5	 83791	9
43.5	569.6618244999999	 516.676	2	6	 3043	4	0.428571428571	4	 3598	6	 8141	12
1.5	20.474173000000008	 1613.09	2	5	 4963	1	0.666666666667	2	 665	2	 1614	7
3.111111111111111	97.616564	 6311.8	9	34	 83437	30	0.838235294118	34	 11977	5	 69971	35
2.4	-20.95390040000001	 4278.83	5	5	 32901	1	1.0	1	 2510	3	 4	9
1.5	204.92553724999996	 2596.63	4	22	 133991	5	0.675	6	 4156	4	 133127	24
3.5	269.38015049999996	 151.32	2	11	 698	31	1.0	33	 128550	33	 8632	13
12.333333333333334	723.0228293333333	 -113.137	6	19	 4222	2	1.0	3	 11294	7	 14263	23
4.0	-44.36712399999999	 810.975	1	16	 7790	1	0.571428571429	2	 4493	3	 17632	20
6.071428571428571	-234.25522335714282	 12182.4	14	20	 66612	1	1.0	1	 1275	2	 78502	20
6.0	-9.478432499999997	 1319.2	2	19	 12677	27	0.685714285714	29	 196	3	 2662	21
10.0	422.773639	 676.918	4	13	 3158	2	0.769230769231	4	 10613	4	 20846	15
1.6666666666666667	-11.420356000000007	 2446.33	3	12	 8309	2	0.428571428571	2	 7374	4	 115	13
4.0	-68.90373600000001	 295.904	1	17	 568	2	0.923076923077	2	 73399	33	 19369	16
11.5	146.47121828571434	 7416.07	14	13	 84717	4	0.606060606061	5	 68073	4	 211870	14
2.5	-409.1591555	 2469.06	2	12	 30727	2	0.5	2	 1628	4	 39164	10
1.0	-6.786996000000045	 889.704	1	1	 45	30	0.666666666667	30	 42259	35	 0	3
4.166666666666667	-36.12571499999998	 4952.7	6	19	 17500	13	0.884615384615	14	 7399	4	 4316	22
2.5	-460.9350045	 2565.1	2	6	 10908	4	0.575757575758	5	 6471	5	 8041	9
7.333333333333333	3063.4007568359375	 -6858.15	3	3	 673	3	0.380952380952	3	 4392	4	 7729	5
2.0	-24.47763049999999	 1532.13	2	28	 89592	15	0.478260869565	17	 3585	6	 80130	29
1.0	-57.32982999999999	 1771.66	2	17	 20977	30	0.795454545455	32	 229035	33	 27960	18
6.5	-242.21668799999995	 1279.33	2	4	 6319	2	0.666666666667	3	 83575	34	 113562	8
7.25	-305.21284199999997	 4147.6	4	8	 3105	13	0.789473684211	13	 59375	31	 2453	9
39.0	629.8548699999999	 267.608	1	5	 791	3	0.761904761905	3	 15368	4	 5961	6
4.857142857142857	-158.55839042857147	 6502.67	7	10	 19252	2	0.642857142857	2	 8797	3	 14302	11
4.142857142857143	-214.89153771428573	 5406.75	7	21	 59509	1	0.333333333333	2	 564	4	 5070	24
5.5	-380.95701049999985	 2047.68	2	8	 131055	1	0.285714285714	1	 3760	3	 116998	10
18.5	276.237711	 991.825	2	6	 1071	3	0.375	4	 6031	3	 985	7
1.0	-36.133952	 802.977	1	2	 890	1	0.333333333333	2	 962	2	 1452	4
2.0	-189.05456299999997	 1086.34	1	6	 2722	1	0.583333333333	2	 23033	3	 19982	9
6.833333333333333	-186.03113550000003	 5598.92	6	10	 9934	1	0.428571428571	1	 1620	3	 5185	9
1.0	4.37	 0	1	6	 2429	1	0.142857142857	1	 5771	5	 2726	8
2.0	-29.01636074999999	 3188.59	4	10	 24727	3	0.571428571429	3	 46618	36	 27384	9
5.8	-82.75677340000001	 3676.15	5	10	 22550	2	0.380952380952	3	 8630	2	 41227	12
3.3333333333333335	255.79537200000001	 1251.1	3	14	 120978	1	0.428571428571	1	 957	3	 116219	18
2.0	-21.312517999999994	 1178.26	2	11	 18551	2	0.714285714286	2	 553	6	 14326	16
7.0	-54.94370999999998	 916.309	1	9	 8015	1	0.714285714286	2	 9067	4	 566	12
2.8333333333333335	-277.59595758333336	 11765.9	12	18	 10595	3	0.190476190476	3	 60	4	 2159	21
16.77777777777778	333.9606776666667	 3815.92	9	10	 12120	1	0.714285714286	1	 895	4	 3758	13
3.3333333333333335	230.831354	 915.506	3	9	 4116	1	0.857142857143	1	 3611	5	 3137	10
3.0	18.018687999999997	 94.5609	1	7	 5395	1	0.285714285714	1	 3324	4	 6367	11
11.333333333333334	-85.3774703333333	 1722.84	3	8	 34635	1	1.0	1	 2751	2	 22430	12
2.0	-349.417025	 367.273	1	8	 903	3	0.384615384615	4	 3899	4	 1607	11
3.5	81.48135649999999	 988.037	2	1	 669	1	0.0	1	 160	3	 189	2
7.0	272.1675640000001	 936.049	3	10	 11006	2	0.625	2	 16064	3	 17621	13
8.0	-231.71400380000003	 1122.89	1	1	 1806	2	0.368421052632	3	 2394	2	 4684	3
1.5	-18.554500000000004	 1520.34	2	21	 143957	2	0.857142857143	3	 3875	3	 62629	21
3.0	-19.491999999999997	 48.432	1	9	 188	1	0.5	2	 1265	2	 2753	11
6.538461538461538	-134.539457	 24158.4	26	10	 174980	10	0.509803921569	11	 9581	34	 172174	15
5.333333333333333	137.05408080000004	 1360.58	3	13	 8799	30	0.657894736842	32	 1082559	37	 13198	20
3.25	160.43421499999997	 1283.94	4	15	 2402	2	0.761904761905	3	 42645	2	 48869	17
4.222222222222222	-51.20259044444445	 7382.51	9	13	 13002	11	0.823529411765	11	 244401	33	 3108	15
4.75	47.33193700000001	 3170.58	4	15	 36921	2	0.357142857143	2	 38334	2	 66561	17
2.0	45.60796125	 1797.64	4	8	 25856	1	0.285714285714	1	 47664	5	 29714	9
11.9	166.7877858	 5495.93	10	17	 13270	2	0.473684210526	3	 14382	3	 23469	19
6.75	159.59761624999996	 1242.92	4	12	 7182	1	0.285714285714	1	 4255	3	 8503	14
5.181818181818182	104.8564131818182	 6113.91	11	20	 84171	2	0.684210526316	3	 654	2	 62785	20
2.25	-110.53938975	 1452.39	4	16	 39688	3	0.666666666667	5	 12251	7	 5076	22
4.833333333333333	150.74448999999998	 3352.64	6	14	 20711	1	0.666666666667	2	 2913	4	 5310	12
1.0	-131.934316	 263.869	1	6	 20709	31	0.837837837838	31	 58705	33	 11815	8
5.0	-44.43682133333338	 2533.3	3	7	 7547	1	0.857142857143	1	 9589	33	 4420	11
5.0	303.34	 0	1	1	 744	31	0.222222222222	33	 23078	33	 712	2
1.0	-14.660407	 39.3208	1	3	 806	2	0.428571428571	3	 29426	3	 0	4
1.5	-41.35639750000003	 1828.13	2	11	 20402	21	0.518518518519	21	 10345	1	 26070	11
3.6666666666666665	-324.3972923333333	 3477.4	3	5	 28550	12	0.833333333333	12	 0	18	 1412	6
6.571428571428571	-6.276934571428557	 4848.03	7	11	 26704	1	0.428571428571	1	 2983	4	 7675	14
2.5	-71.70130249999997	 1526.32	2	6	 15341	2	0.714285714286	2	 3729	1	 1128	11
4.5	-363.00301949999994	 2412.41	2	3	 123356	10	0.75	12	 141316	31	 74385	3
6.0	106.6192632499999	 2494.45	4	2	 0	30	0.833333333333	30	 94690	31	 94	4
4.666666666666667	-98.05980100000001	 2593.85	3	13	 10885	1	1.0	2	 1504	5	 1552	13
5.0	562.86334	 16.1367	1	1	 66	1	0.928571428571	2	 2076	2	 0	2
1.0	-26.5425016	 128.845	1	12	 3124	29	0.965517241379	29	 56664	32	 14	14
11.666666666666666	-45.58583222222223	 6769.37	9	10	 8264	9	0.764705882353	10	 116844	33	 18004	14
4.5	47.37130950000002	 1998.49	4	53	 13084	1	0.285714285714	1	 3688	7	 11843	58
1.0	-280.33212	 566.664	1	22	 278	2	0.52380952381	3	 10853	4	 13694	26
3.0	10.35807500240071	 897.944	3	7	 11918	17	0.805555555556	18	 42709	31	 3064	13
5.0	225.9129914	 1242.5	5	12	 12725	1	1.0	1	 11024	2	 20294	13
1.0	-43.095972	 840.005	1	9	 21921	2	0.904761904762	2	 0	1	 15445	10
83.75	977.486387625	 -2289.97	8	8	 33954	1	0.5	2	 31402	2	 58883	8
1.0	249.12185500000004	 838.772	2	6	 1944	3	0.434782608696	5	 2348	4	 506	10
9.928571428571429	-399.3424845714286	 14455.1	14	8	 26261	3	0.619047619048	3	 0	31	 1342	9
2.6666666666666665	192.40444533333334	 1877.31	3	16	 58968	1	0.5	2	 1145	2	 60757	16
3.4	-247.05092640000004	 4615.14	5	5	 2960	5	0.818181818182	5	 113857	31	 117	5
4.625	50.542108625	 5489.66	8	12	 26127	1	0.714285714286	1	 90	3	 5446	11
2.75	124.04801525	 2429.1	4	16	 29063	32	0.886363636364	32	 882643	35	 59347	24
2.5	4.321815000000006	 99.1548	2	9	 179	1	0.25	2	 5559	7	 3937	11
4.0	-39.321934899999974	 783.85	1	7	 4489	31	0.621621621622	31	 0	1	 8300	8
1.0	1.0	 0	1	6	 55158	2	0.307692307692	2	 16687	4	 115126	8
2.0	-37.794657	 443.24	1	2	 4415	4	0.333333333333	5	 2447	5	 1958	7
7.0	25.313288999999997	 873.139	1	3	 9592	20	0.484848484848	21	 12088	5	 4227	4
10.0	378.282212	 388.759	1	1	 398	3	0.666666666667	3	 6165	4	 2744	4
32.666666666666664	542.2667426666668	 506.641	3	3	 579	1	0.714285714286	1	 12842	2	 16531	6
19.11111111111111	-335.58086044444445	 10173.3	9	7	 54188	1	0.833333333333	2	 1587	3	 30788	10
6.0	226.312	 125.688	1	3	 4613	1	0.583333333333	2	 925	2	 1425	6
14.333333333333334	-25.505699111111184	 6383.14	9	14	 93976	1	0.285714285714	1	 42864	34	 37264	18
3.3333333333333335	-66.69944433333333	 5026.03	6	9	 47685	4	0.69696969697	5	 28877	5	 47306	10
1.0	-82.692608	 175.385	1	4	 3383	1	0.333333333333	2	 387	2	 6594	6
9.5	-275.7849785	 3330.57	4	11	 1226	1	0.571428571429	1	 57	1	 1537	11
6.0	-128.90109799999996	 971.148	1	2	 3993	1	0.25	2	 727	2	 1222	4
6.833333333333333	219.13608533333323	 2848.94	6	11	 4354	9	1.0	10	 108162	32	 6693	12
2.0	38.966013000000004	 855.19	1	11	 4146	3	0.619047619048	3	 4453	6	 4600	12
11.166666666666666	-2.9231783333333063	 4029.81	6	15	 25920	1	1.0	1	 2	2	 19774	16
2.0	2.3926989999999932	 698.607	1	14	 8163	1	0.571428571429	1	 1102	3	 9245	15
44.5	194.3481096666667	 3697.19	6	6	 10331	31	0.736842105263	32	 122678	31	 11617	8
1.0	-11.853355	 2258.81	3	16	 9767	12	0.714285714286	14	 31336	34	 860	16
13.666666666666666	189.37719333333337	 1780.44	3	3	 1778	2	0.857142857143	2	 1189	3	 998	8
2.25	-159.42080775	 2476.96	4	9	 42668	4	1.0	4	 1103	8	 53914	13
1.6666666666666667	-11.128223999999998	 1336.9	3	11	 7352	2	0.904761904762	3	 4533	2	 4060	14
3.3333333333333335	-112.17404266666667	 1963.35	3	13	 5904	2	0.809523809524	3	 7865	4	 984	15
8.875	96.19182512499995	 5402.67	8	12	 53433	3	0.375	4	 53729	3	 81623	15
9.0	-406.0376786000004	 1133.93	1	5	 1038	2	0.75	3	 10743	34	 9546	12
4.0	25.749523666666693	 2053.53	3	14	 84177	3	0.761904761905	3	 66	2	 110689	15
12.5	92.775667	 1579.9	2	4	 2128	3	0.666666666667	3	 6285	4	 4384	8
9.25	392.78932875	 1102.23	4	7	 1926	1	0.857142857143	1	 10506	4	 3857	11
2.0	56.32491633333334	 1452.83	3	17	 33983	16	0.392857142857	16	 204376	31	 43	17
2.0	-32.0915	 1536.2	2	5	 4350	4	1.0	4	 126171	32	 5297	10
5.583333333333333	155.37295433333335	 5307.8	12	14	 38775	1	0.142857142857	1	 4501	5	 22533	14
4.0	162.481692	 604.65	1	1	 621	1	0.5	2	 946	2	 1740	3
18.5	287.32133325	 592.704	2	33	 16099	6	0.407407407407	8	 19316	6	 22000	36
2.0	8.607023000000027	 858.427	1	3	 633	1	0.916666666667	2	 3682	2	 3395	5
10.75	373.8046442499999	 1363.35	4	7	 8730	3	0.666666666667	3	 21	12	 6511	11
8.0	163.79440549999995	 1507.02	4	3	 4349	1	0.666666666667	1	 7075	4	 2687	4
6.5	56.88760275000001	 4862.54	8	20	 25562	1	0.785714285714	2	 1477	3	 35583	24
2.75	-50.62343950000002	 2791.44	4	5	 7434	4	0.575757575758	5	 1701	2	 21018	8
1.0	14.41	 0	1	5	 245	3	0.619047619048	3	 18035	5	 7351	7
4.5	588.7141915	 54.1432	4	5	 73	1	0.5	2	 508	2	 1099	6
1.0	-68.99302799999998	 841.936	1	10	 12619	14	1.0	14	 34218	8	 9378	13
3.0	-53.03366399999997	 820.146	1	2	 5481	1	0.666666666667	2	 17232	3	 24749	6
21.0	-603.08869	 1426.13	1	1	 2265	1	0.571428571429	1	 8075	2	 16412	3
13.857142857142858	179.39310842857142	 6222.56	14	14	 9380	1	1.0	2	 1252	2	 1547	16
16.555555555555557	-255.73004496296295	 26956.3	27	12	 97610	6	0.592592592593	8	 2582	2	 79651	17
4.0	331.44496900000007	 7.55503	1	7	 20961	1	0.285714285714	1	 0	3	 18868	10
14.5	102.18057800000003	 1177.16	2	3	 114	1	1.0	1	 841	2	 2779	5
14.25	116.51501749999996	 2257	4	4	 2308	14	1.0	14	 158797	33	 2602	9
9.0	1795.9550000000002	 -1028.86	1	2	 260	2	0.714285714286	2	 5398	4	 2215	4
9.2	-80.71943719999999	 3867.56	5	11	 14203	2	0.714285714286	3	 0	2	 6768	9
15.0	199.08326724999995	 2131.95	4	6	 24537	2	1.0	2	 53	1	 3485	8
5.0	140.3696336666667	 957.945	3	7	 961	2	0.157894736842	3	 1640	5	 2281	10
5.5	-31.880329874999987	 4559.12	8	10	 18866	1	0.0	1	 27694	2	 23892	9
4.333333333333333	-133.66680199999993	 2610.91	3	10	 32227	1	0.571428571429	2	 2784	2	 21017	11
10.333333333333334	179.05257600000002	 7471.79	15	29	 52898	9	0.636363636364	9	 10692	7	 11563	30
3.142857142857143	-86.23947428571428	 6055.26	7	20	 51683	2	0.380952380952	3	 3756	2	 18452	22
12.0	-1192.984802	 2083.99	1	31	 7313	1	0.357142857143	2	 966	35	 10037	31
1.0	-211.43474066666667	 2350.68	3	23	 61287	2	0.5	2	 30024	31	 42431	23
3.6	3.591969999999992	 2922.24	5	6	 3265	7	0.571428571429	8	 27031	31	 1421	10
4.142857142857143	-161.360801	 6336.85	7	22	 47178	26	0.813953488372	27	 556343	33	 118149	25
6.0	23.30694600000004	 2475.93	3	7	 15231	1	0.833333333333	2	 3560	6	 10483	11
17.857142857142858	357.6541467142858	 2674	7	22	 19228	5	0.893617021277	7	 22853	8	 21712	25
2.5	-53.3775775	 5768.38	8	13	 9940	1	0.857142857143	2	 19704	3	 11018	17
3.0	-620.1459399999999	 664.792	1	9	 14970	1	0.5	1	 1907	3	 12115	11
4.0	322.145013	 998.775	2	9	 22670	1	0.571428571429	2	 0	2	 9516	13
5.142857142857143	177.92917252026805	 7016.78	14	17	 38248	4	0.814814814815	4	 123038	35	 43271	21
1.0	-47.66210083333334	 5374.24	6	11	 13601	2	0.928571428571	2	 65385	5	 32110	18
2.0	112.4116662	 -47.4117	1	2	 41	1	0.142857142857	1	 3303	5	 239	3
14.5	-6.9808319999999995	 3350.57	4	11	 15426	1	0.25	2	 2128	1	 4298	8
2.0	15.370000000000012	 804.116	2	12	 6901	1	0.75	2	 946	3	 3081	12
3.8333333333333335	-49.64583725000002	 7665.42	12	20	 113099	2	0.428571428571	2	 7119	2	 89228	23
1.6666666666666667	-39.675060333333306	 2154.58	3	8	 23096	1	0.583333333333	2	 10436	3	 16627	10
3.0	4.87	 4.06	1	4	 69	31	0.948717948718	33	 13716	31	 110	5
2.0	-10.625729999999999	 1020.89	3	3	 853	3	0.47619047619	3	 4071	3	 473	4
1.0	-3.351999	 509.153	1	5	 13450	1	0.857142857143	1	 7582	2	 7774	7
2.0	188.09126750000001	 158.615	2	29	 311	1	1.0	1	 6118	8	 38066	32
2.3333333333333335	-56.028985999999975	 1848.86	3	14	 26044	1	0.714285714286	1	 2930	2	 25459	17
13.75	733.6817545499802	 -721.822	4	9	 6170	1	0.916666666667	2	 19213	7	 23287	13
41.0	88.32287383333339	 2116.95	6	13	 12251	3	0.52380952381	3	 10441	5	 8518	12
16.0	-36.30328175000005	 3051.51	4	7	 23471	32	0.977272727273	32	 6044	31	 12219	9
12.818181818181818	-226.69406063636367	 9364.84	11	7	 76471	1	1.0	1	 32256	2	 41991	9
3.5	190.38922325	 969.086	4	5	 1683	1	0.666666666667	2	 4261	3	 4371	7
3.6666666666666665	-56.80982183333333	 4398.45	6	16	 11798	1	1.0	2	 52844	5	 15939	18
4.25	-66.83221449999999	 3018.51	4	19	 99756	4	0.5	4	 1244	2	 41846	19
6.0	260.51780899999994	 1038.45	2	6	 3853	1	0.5	2	 806	2	 782	8
1.0	-60.0	 66.3803	1	12	 4800	16	0.645161290323	19	 105384	32	 4238	16
1.0	97.996826	 170.003	1	7	 4521	1	0.333333333333	1	 476	3	 5170	8
5.5	-234.06870225000006	 3238.42	4	3	 1627	1	0.142857142857	1	 4786	4	 21671	5
9.333333333333334	-37.91466666666664	 1923.43	3	14	 6489	1	0.571428571429	1	 19439	4	 22091	15
10.333333333333334	398.35980866666665	 365.791	3	10	 2583	1	0.571428571429	1	 34871	32	 1156	14
2.0	-6.381242750000013	 3186.89	4	6	 73252	1	0.5	2	 211929	4	 141799	6
2.6666666666666665	113.09809466666667	 1731.3	3	12	 4819	1	0.214285714286	2	 222	2	 19	15
16.555555555555557	327.31179011111095	 3125.99	9	6	 11429	4	0.69696969697	5	 4829	5	 13661	8
7.25	1809.24677125	 -5058.99	4	8	 2775	25	0.692307692308	26	 78705	34	 2987	10
6.0	594.8939670038224	 768.582	5	7	 49644	1	1.0	1	 10834	2	 47749	8
128.375	717.0306282500001	 -101.442	16	13	 25446	19	0.8	19	 0	1	 8977	14
7.846153846153846	298.41880811362165	 6134.95	13	17	 175529	2	0.736842105263	3	 12035	5	 11605	12
3.5	-277.92893175	 3716.5	4	5	 6115	32	0.727272727273	32	 74337	33	 8160	10
9.8	-427.08679606000004	 5787.28	5	12	 33354	1	0.5	2	 2603	2	 22385	12
2.0	-468.7146911621094	 2700.22	2	13	 8110	33	0.803921568627	33	 1408	3	 6470	14
14.25	-267.94111150000003	 3972.59	4	13	 18648	17	0.581395348837	19	 41359	33	 21629	19
2.0	-51.27531833333334	 1827.62	3	7	 34962	1	0.428571428571	1	 2819	4	 116	6
2.0	19.099005000000034	 738.73	1	5	 3575	20	0.888888888889	21	 22282	2	 67	6
2.0	-28.10632066666666	 869.935	3	7	 6148	31	0.954545454545	34	 143660	34	 6050	13
18.0	299.30409571428567	 3393.81	7	8	 2634	1	0.714285714286	1	 685	2	 400	11
51.0	139.2348333749998	 5631.97	8	11	 46002	1	0.75	2	 616	4	 45376	17
3.0	-221.68293792857145	 5755.79	7	18	 17746	21	0.739130434783	22	 12417	32	 12929	20
6.6	841.1784348487854	 -783.813	10	12	 150443	7	0.673469387755	9	 37304	35	 82574	17
2.0	-39.108414	 1712.59	2	1	 1621	1	0.571428571429	1	 23092	4	 25098	6
3.0	-205.5166105	 2000.36	2	3	 2305	1	0.5	2	 767	2	 737	5
6.3076923076923075	-226.81654076923076	 11320	13	15	 8725	31	0.266666666667	33	 6215	5	 13722	21
16.6	382.33182780000004	 1136.33	5	7	 4449	22	0.759259259259	24	 46877	5	 56342	12
3.0	62.955405125	 3954.2	8	24	 225054	2	0.928571428571	2	 42488	3	 237992	21
2.0	11.613334000000002	 690.922	1	8	 15678	1	0.666666666667	2	 367	1	 4169	10
3.25	-83.65632374999998	 3567.39	4	9	 5652	2	0.230769230769	2	 0	31	 674	10
1.0	-12.459498999999994	 1691.73	2	11	 6830	1	0.916666666667	2	 33292	5	 13353	9
10.833333333333334	-99.24978250000008	 4878.39	6	3	 43839	1	0.428571428571	1	 2733	3	 94438	4
8.666666666666666	93.9373739999999	 1905.71	3	27	 20046	4	0.909090909091	5	 5183	5	 8280	30
2.5	-95.93883895874023	 911.472	2	2	 14128	1	0.833333333333	2	 1583	2	 11802	4
1.0	-390.735736	 793.471	1	19	 13725	1	0.0833333333333	2	 19011	6	 62467	23
4.25	-400.5298434495926	 3047.74	4	5	 15610	1	0.416666666667	2	 1630	3	 2347	6
5.0	83.35886359570311	 1538.34	3	6	 3810	1	0.714285714286	1	 5190	2	 1944	5
2.0	92.506645	 19.4934	1	2	 72	2	0.928571428571	2	 510	3	 33	6
2.0	-68.802666	 187.224	1	9	 1387	1	0.285714285714	1	 3387	5	 2120	9
3.0	-259.83182360331216	 1472.16	3	13	 20959	1	0.666666666667	2	 3877	4	 26487	16
4.714285714285714	-55.67347757142858	 4742.61	7	8	 13523	1	1.0	1	 3457	3	 7667	10
3.5	-145.40423950000002	 3890.47	6	18	 15118	2	0.214285714286	2	 16037	6	 20686	21
4.0	-681.9656725	 4605.61	4	8	 3437	3	0.952380952381	3	 31344	4	 177	11
1.6	89.0856948	 2975.92	5	8	 11409	1	0.428571428571	1	 300	2	 1883	8
3.0	0.0	 864.275	1	17	 10594	14	0.714285714286	17	 831157	34	 33882	24
10.5	-247.70404385714286	 13662.7	14	24	 155891	5	0.357142857143	6	 7569	4	 58266	24
8.333333333333334	-224.4832573333333	 2854.58	3	4	 3627	9	0.909090909091	11	 0	4	 5566	9
7.666666666666667	503.3190175	 969.706	6	8	 1878	1	0.583333333333	2	 2941	3	 14262	9
3.5	165.36949249999995	 1216.82	2	7	 9125	1	0.583333333333	2	 1100	3	 1198	10
2.142857142857143	1.5153461428571364	 3016.18	7	7	 4860	1	0.25	2	 1544	2	 2211	9
1.0	-164.894	 1488.82	2	7	 5803	1	0.5	2	 1553	3	 2456	6
7.0	-100.48247399999997	 1602.81	2	2	 31574	1	0.642857142857	2	 3791	2	 9003	2
4.0	184.076007	 3189.23	6	10	 15485	2	0.571428571429	2	 10249	4	 6801	11
6.0	-166.78052300000002	 492.545	1	19	 30845	1	0.285714285714	1	 23	1	 30025	17
1.0	15.785111499999982	 915.921	2	9	 38276	1	0.166666666667	1	 465	3	 2969	12
4.0	-347.065774	 1237.96	1	2	 2850	1	0.857142857143	1	 5646	2	 1854	3
55.666666666666664	1993.2433089999995	 -3867.2	3	4	 15455	1	0.285714285714	1	 8884	4	 3753	5
4.0	301.18752699999993	 935.7	2	8	 11771	31	0.972972972973	31	 55	3	 2089	12
1.6666666666666667	-59.822178	 1977.4	3	3	 4558	1	0.0	1	 4212	5	 2084	6
1.6666666666666667	41.55400100000001	 2291.86	3	9	 5066	3	0.619047619048	3	 9091	4	 6345	12
9.5	-336.47910074999993	 4214.66	4	16	 14625	3	0.619047619048	3	 9789	5	 21994	14
1.5	19.18231201171875	 1045.64	2	4	 2966	2	0.789473684211	3	 9595	6	 4960	7
3.0	-194.45877066666665	 1618	3	11	 24701	1	0.285714285714	1	 5335	2	 4053	11
1.5	-42.653027	 498.389	2	6	 11065	1	0.857142857143	1	 6087	33	 8895	7
1.5	-2.1507665000000316	 1708.57	2	7	 4239	1	0.857142857143	2	 14218	4	 9408	11
4.25	-169.67300849999998	 3633.93	4	8	 10123	13	0.307692307692	13	 3636	1	 3623	6
2.0	161.9620618	 2263.71	5	13	 35805	1	1.0	1	 861	1	 12630	13
2.0	-433.835918	 902.672	1	11	 2334	1	0.785714285714	2	 20	2	 15	11
3.0	-46.35004099999992	 842.345	1	10	 3152	2	0.571428571429	2	 29326	4	 7776	16
2.6666666666666665	-89.770214	 1806.76	3	4	 3059	1	0.583333333333	2	 5823	3	 8403	6
4.0	499.15350482940676	 425.181	2	3	 958	1	0.75	2	 741	2	 1951	6
5.0	110.48500200000001	 137.515	1	3	 6850	2	0.928571428571	2	 2851	4	 7413	6
7.333333333333333	-198.43620100000007	 1745.97	3	3	 14587	1	0.0	1	 595	2	 5390	5
2.0	-660.229219	 1448.85	1	3	 1786	1	0.928571428571	2	 26405	6	 14801	6
1.0	38.9	 0.1	1	7	 38	1	0.571428571429	1	 32346	4	 22645	12
4.0	-134.84984299999996	 879.474	1	2	 24383	1	0.714285714286	1	 18477	3	 533	4
3.0	578.2980170000001	 175.805	1	3	 584	2	0.5	2	 5789	4	 1178	3
1.3333333333333333	35.09421833333332	 1794.7	3	17	 44157	34	0.833333333333	36	 18779	4	 41267	18
29.0	84.17952300000019	 671.08	1	1	 1134	3	0.380952380952	3	 1882	2	 1174	2
9.285714285714286	182.08943571428566	 3672.35	7	16	 71152	19	0.64	19	 57146	32	 68629	15
2.6666666666666665	462.5662353999999	 478.493	3	7	 4157	1	0.428571428571	1	 8338	4	 12085	7
3.5	-185.81876373291016	 1937.52	2	9	 5607	1	0.666666666667	2	 5411	4	 3547	10
8.375	389.15783346250004	 2300.79	8	8	 189949	3	0.428571428571	3	 41820	5	 87761	9
7.0	-78.47314520000003	 4513.48	5	9	 7082	1	0.428571428571	1	 8194	3	 4116	13
8.307692307692308	4.459297230769227	 9263.91	13	20	 49823	6	0.52380952381	8	 78948	34	 85821	24
4.833333333333333	11.74174850000002	 2868.99	6	8	 3816	1	0.428571428571	2	 1777	3	 973	12
9.0	84.62889699999992	 1392.13	2	2	 1637	1	0.285714285714	1	 19890	2	 6111	8
2.0	-4.09197998046875	 365.72	1	1	 514	1	0.333333333333	2	 39	3	 726	4
1.1	14.044896899999998	 7661.51	10	27	 122342	2	0.894736842105	3	 57123	3	 181346	28
8.0	717.565255	 179.55	1	1	 63	30	0.833333333333	30	 733681	31	 18398	1
5.0	151.9	 12.7	1	17	 5203	1	0.0	1	 3884	3	 7560	17
1.5	-58.12383649999998	 1446.06	2	17	 175587	1	0.285714285714	1	 4779	2	 14263	23
6.666666666666667	-20.34506383333333	 3757.2	6	10	 34050	33	0.701754385965	35	 13053	5	 23637	13
28.0	1.1490469999999107	 510.002	1	2	 740	1	0.5	1	 2207	2	 5763	3
2.0	-5.765804000000003	 702.535	1	7	 54043	2	0.894736842105	3	 657	1	 77684	9
1.0	-17.80498399999999	 842.722	1	5	 65984	1	0.428571428571	1	 7865	2	 44664	6
1.0	-12.674806999999987	 801.364	1	6	 13056	3	0.952380952381	3	 3463	5	 7858	7
26.25	277.99921575	 1995.88	4	4	 2333	3	0.625	4	 10259	3	 8117	10
6.0	249.7848395714286	 2607.08	7	18	 73375	32	0.777777777778	33	 170514	32	 59486	16
8.5	-21.012407249999924	 2561.53	4	8	 30335	1	0.5	2	 291	3	 1930	11
7.0	297.3302001953125	 350.877	1	4	 1640	1	1.0	1	 1	2	 1017	9
1.0	25.872375	 17.1276	1	2	 17139	1	0.142857142857	1	 245	2	 16848	2
22.294117647058822	499.5523359411766	 4873.18	17	26	 198659	5	0.625	6	 3552	4	 120352	24
13.444444444444445	208.8518043333333	 3520.22	9	6	 8497	1	0.833333333333	2	 9714	5	 11665	6
1.3333333333333333	-12.084057666666638	 2279.48	3	9	 20699	8	0.928571428571	8	 25151	31	 12524	16
2.6666666666666665	12.460194666666686	 1885.72	3	10	 7171	1	0.785714285714	2	 29297	3	 42591	12
3.0	46.730614	 12.2694	1	1	 4461	2	0.5	2	 30625	4	 13074	4
2.0	-322.12028443813324	 2361.63	2	7	 12642	1	0.142857142857	1	 36	2	 4599	10
14.0	-114.18143900000008	 1789.39	2	2	 49591	1	0.666666666667	2	 11059	2	 72298	5
3.857142857142857	37.28916557142856	 4418.75	7	23	 18018	3	0.571428571429	3	 8208	6	 11165	26
2.6	-83.7972166	 3402.84	5	9	 40308	4	1.0	4	 3366	35	 40834	16
1.5	-16.869329750000002	 2750.28	4	9	 53333	2	0.666666666667	3	 27534	33	 74703	13
8.76923076923077	65.18224130769232	 6459.67	13	19	 31067	4	0.727272727273	4	 675	6	 6062	19
3.8	-129.7925436	 4270.43	5	6	 6399	1	0.833333333333	2	 603	1	 3374	6
2.0	285.71285900000004	 130.287	1	16	 547	4	0.75	4	 10375	5	 10924	19
2.8	-443.3590672	 5853.58	5	11	 24583	1	0.571428571429	1	 9121	2	 58694	15
16.857142857142858	-143.68801842857138	 4046.9	7	9	 52804	1	0.571428571429	1	 7656	3	 43686	11
1.0	161.39592	 60.6041	1	3	 282	1	0.142857142857	1	 3229	2	 1797	6
5.0	307.6492085	 593.903	2	10	 15937	31	0.564102564103	33	 222918	35	 28509	12
2.6666666666666665	-30.554885333333328	 2629.87	3	10	 15759	1	0.714285714286	1	 1854	2	 295	12
4.0	329.0	 0	1	6	 3852	1	0.571428571429	1	 2328	33	 183	10
5.0	-71.65566500000001	 4893.86	6	7	 26908	1	0.666666666667	2	 1670	6	 8546	9
4.0	66.5164482857143	 3590.56	7	21	 94340	1	0.428571428571	1	 546	4	 44712	23
4.6	13.732942799999979	 3972.05	5	7	 67494	32	0.925	34	 36480	34	 95346	11
1.0	710.0	 0	1	10	 1348	11	0.529411764706	11	 3399	7	 6891	14
8.0	63.54070399999997	 3502.88	6	8	 4782	4	0.885714285714	5	 6652	6	 2131	11
3.0	-83.69477933333333	 2593.3	3	21	 35905	2	0.578947368421	3	 7269	36	 23002	25
8.857142857142858	-51.8890082857143	 5440.93	7	11	 28677	1	0.857142857143	2	 3518	2	 31187	13
5.111111111111111	13.471667666666649	 6407.98	9	20	 88548	12	0.708333333333	12	 16925	32	 72209	23
1.75	-85.74259710693359	 2514.62	4	5	 2042	3	0.619047619048	3	 15429	5	 13277	6
4.25	41.190771875	 6373.7	8	11	 31230	1	0.714285714286	1	 536	1	 9894	12
1.8571428571428572	141.47969842857142	 3392.66	7	14	 9252	3	0.571428571429	3	 24318	5	 59180	17
14.5	186.00601849999998	 1229.48	2	3	 2059	1	0.285714285714	1	 674	2	 1300	5
14.75	95.53195087499992	 4742.77	8	30	 47590	1	0.428571428571	1	 9577	2	 40492	30
2.6666666666666665	445.202254	 -239.372	3	11	 2671	1	1.0	1	 384	2	 1013	10
17.75	-63.93914062500006	 6241.35	8	17	 77889	17	0.551724137931	17	 14057	6	 69765	20
7.0	-13.198999999999955	 637.199	1	18	 63291	9	0.5	10	 19849	33	 31201	17
5.5	1434.2374918460846	 -1980.15	2	15	 101573	2	0.857142857143	3	 0	31	 75961	19
7.5	-173.38094383333336	 5716.14	6	13	 11915	4	0.821428571429	4	 11080	5	 27954	16
4.4	-98.97266580000003	 4385.65	5	12	 105209	1	0.571428571429	1	 72464	6	 140177	18
2.0	216.7326875	 23.5346	2	8	 14353	1	0.428571428571	1	 618	4	 20759	9
4.0	241.94900900000005	 655.284	1	3	 2804	2	0.785714285714	2	 2948	7	 4057	7
5.0	584.6282455	 106.223	2	5	 150	2	1.0	2	 11387	5	 8889	6
4.0	-57.659206	 116.918	1	6	 6627	7	0.785714285714	8	 12095	6	 19284	18
4.4	2.2122297999999887	 4070.54	5	4	 2526	1	0.666666666667	2	 62291	2	 62167	6
3.5	-69.22006050000002	 1286.42	2	4	 12252	1	0.666666666667	2	 18552	2	 7622	6
4.5	-0.19923050000002718	 934.325	2	3	 3115	1	0.0	1	 662	3	 5291	5
8.0	-176.4959187875	 7730.16	8	15	 13849	9	0.785714285714	9	 24610	31	 3861	18
1.0	197.134529	 13.8655	1	7	 5201	4	0.575757575758	5	 3440	5	 4370	9
5.666666666666667	-41.9188536666667	 3475.45	6	5	 9505	2	0.5	2	 2846	31	 5836	7
13.5	405.03913012500004	 2111.68	8	11	 24033	4	0.457142857143	5	 4093	3	 7490	14
1.0	-30.849353499999992	 1141.17	2	8	 7184	2	0.5	2	 2431	34	 54	12
6.666666666666667	192.29519883333333	 1841.35	6	7	 1810	1	0.75	2	 3321	4	 14582	10
2.5	-30.283173500000032	 1121.36	2	17	 51127	3	0.607142857143	3	 0	2	 40914	17
10.5	199.31622349999998	 3713.59	8	10	 18510	5	0.771428571429	5	 14094	6	 9555	18
10.8	50.2452611333333	 10682.4	15	15	 26897	1	0.904761904762	2	 0	3	 17019	19
2.2	-206.80164227485656	 7187.28	10	22	 21880	29	0.761904761905	30	 7885	5	 17669	25
7.0625	-205.11996199999996	 13631.8	16	21	 76784	16	0.275	17	 67397	32	 118798	22
1.6666666666666667	42.04968599999998	 1818.56	3	4	 4063	2	0.5	2	 2570	4	 1166	7
7.0	-34.395331999999996	 801.459	1	15	 2680	21	0.857142857143	21	 77944	32	 9089	17
5.0	-52.429472500000024	 1577.3	2	14	 48682	8	1.0	8	 50225	34	 27829	18
4.0	109.90775028571429	 4522.21	7	9	 9242	1	0.5	2	 1129	3	 2832	12
8.333333333333334	-284.11490233333325	 3336.84	3	13	 16967	6	1.0	6	 480044	31	 6885	13
4.0	109.88234099999998	 352.718	2	5	 12665	8	0.2	10	 4840	32	 12596	7
1.6666666666666667	6.157834666666665	 1388.74	3	4	 1477	2	0.952380952381	3	 5058	2	 1376	8
5.285714285714286	-264.6842613220215	 6601.28	7	21	 27527	2	0.952380952381	3	 8757	36	 14452	27
4.0	-1462.568413	 2229.55	1	1	 245	1	1.0	1	 224	3	 5786	6
17.428571428571427	427.4607351428571	 1687.51	7	13	 1433	1	0.142857142857	1	 134	4	 551	16
2.3333333333333335	-150.01274933333332	 2355.37	3	7	 18116	22	0.892857142857	22	 152092	32	 46192	11
8.0	180.07657299999997	 800.95	2	4	 22269	3	0.333333333333	3	 429	3	 498	7
3.4	-92.78741220000002	 4327.35	5	20	 34753	2	0.714285714286	2	 13742	4	 15388	25
11.0	955.7149300000001	 -66.2599	1	7	 2796	4	0.607142857143	4	 2664	5	 1407	9
4.625	554.1393672500001	 791.738	8	22	 32754	1	0.428571428571	1	 1030	33	 11168	26
2.8333333333333335	-61.176016499999996	 4862.02	6	5	 23166	2	0.666666666667	3	 3056	3	 0	7
3.5	-33.040538500000025	 1429.87	2	10	 8845	2	0.761904761905	3	 19	1	 3583	9
2.4285714285714284	-60.68699714285714	 5602.33	7	12	 23409	2	0.571428571429	2	 11790	4	 10274	13
5.333333333333333	7.374590833333419	 1366.69	3	8	 4654	1	0.833333333333	2	 2157	4	 1752	11
2.3333333333333335	-322.93328233333335	 2790.98	3	27	 43665	11	0.695652173913	11	 171392	33	 112035	28
6.0	2943.368002	 -2176.16	1	7	 356	2	0.888888888889	3	 929	7	 571	12
3.2	180.86021373513387	 2048.56	5	9	 34686	1	0.714285714286	1	 857	2	 26744	11
4.666666666666667	50.17225583394369	 1710.67	3	4	 40135	3	0.47619047619	3	 2477	4	 5945	5
4.3	-165.92772556999998	 8208.01	10	12	 14500	30	0.451612903226	31	 1274	2	 5620	14
2.6666666666666665	149.69898266666667	 2625.53	6	19	 35663	3	0.761904761905	3	 9465	7	 33572	22
1.0	-51.04204400000003	 947.055	1	6	 5873	13	0.928571428571	14	 908355	33	 56800	7
18.11111111111111	513.7080208333333	 2762.84	18	17	 17501	4	0.666666666667	5	 47211	8	 55751	22
3.142857142857143	-71.18816733333337	 17448.6	21	35	 72771	30	0.75	32	 141161	35	 46402	35
8.0	304.44436300000007	 1612.76	4	5	 1856	1	0.714285714286	1	 2649	5	 2025	9
2.0	62.892649000000006	 538.107	1	1	 1141	1	0.142857142857	1	 1346	2	 4232	3
13.666666666666666	802.0291655193142	 -1591.21	9	20	 122303	3	0.714285714286	3	 65407	5	 127625	19
11.0	464.336809	 22.4162	1	23	 21915	1	0.75	2	 6513	32	 25183	21
5.0	75.23506800000001	 950.758	2	4	 4653	1	1.0	1	 19	2	 0	6
8.416666666666666	126.5196810196241	 6625.74	12	7	 65266	1	0.75	2	 24237	6	 36219	13
2.8333333333333335	-91.80730147509765	 10295.1	12	29	 95130	7	0.384615384615	7	 236480	36	 168067	30
3.0	159.68723710378012	 1750.91	3	10	 10663	1	0.916666666667	2	 25922	5	 22730	11
7.333333333333333	-186.67312666666666	 2647.55	3	5	 35694	1	0.833333333333	2	 1945	2	 19464	6
1.0	-18.892871999999997	 440.634	1	1	 939	13	0.846153846154	13	 1599	32	 438	4
6.444444444444445	921.5403892069922	 -1607.48	9	19	 20755	2	0.428571428571	3	 6237	3	 11667	23
5.0	200.71787799999993	 626.282	1	7	 6271	2	0.714285714286	3	 10161	4	 17385	10
6.0	-264.70918757142863	 6672.49	7	11	 9813	3	0.380952380952	3	 53543	3	 18989	11
1.25	133.664371	 1464.5	4	11	 8231	2	0.846153846154	2	 1872	3	 3511	15
2.5	-115.07447450000004	 2451.52	4	17	 1632	1	0.428571428571	1	 2084163	34	 59963	16
6.75	-683.88942475	 5935.59	4	10	 105463	20	0.961538461538	20	 77192	13	 148628	10
6.0	6.539448750000005	 2507.56	4	5	 9265	4	0.515151515152	5	 9177	4	 6485	7
2.7142857142857144	126.86731142857141	 3992.9	7	15	 119422	1	0.785714285714	2	 1610	3	 85226	18
5.625	-33.38818100000002	 11724.8	16	25	 15472	9	0.4375	9	 3303	5	 4219	23
3.0	494.4776005	 423.942	2	11	 14740	1	0.166666666667	2	 14719	3	 14554	10
10.6	52.473130200000014	 3412.34	5	16	 6848	1	0.571428571429	1	 4994	2	 9702	17
1.0	3.6	 0	1	30	 31764	1	0.571428571429	1	 4981	5	 46612	30
2.909090909090909	-273.5835040909091	 11340.3	11	17	 47497	2	0.714285714286	2	 2635	1	 65736	30
5.0	103.23304800000017	 683.767	1	4	 3167	1	0.785714285714	2	 4302	5	 1524	8
5.0	-284.7736630859375	 4445.7	4	10	 9094	2	0.714285714286	2	 2660	3	 72	11
28.0	888.1107824999999	 -270.222	2	12	 2150	1	0.571428571429	1	 369	3	 1818	10
1.0	-420.18950299999995	 1317.48	1	11	 6309	2	0.666666666667	3	 8205	34	 4189	15
1.0	16.28291750000001	 1099.24	2	7	 3667	1	0.833333333333	2	 504	5	 1310	9
6.0	-294.0199390000001	 2307.2	2	5	 13768	17	0.941176470588	17	 305631	31	 8130	4
1.0	-115.10121700000002	 1004.65	1	9	 25378	2	0.357142857143	2	 4393	3	 0	11
