1.5	-8.586888500000004	 349.01	2	6	 1841	7	4.0
1.0	-98.57984099999999	 996.924	1	4	 2873	4	33.0
3.6	-178.57156119999996	 4944.9	5	10	 28143	13	29.0
5.0	-89.09738700000003	 1771.26	2	4	 2141	5	0.0
3.0	-77.46811419999997	 1621.69	2	7	 20293	10	5.0
6.0	59.29467800000002	 3157.83	4	20	 30969	25	6.0
3.1666666666666665	87.18820149999999	 2368.24	6	30	 15133	39	8.0
18.428571428571427	-9.790057714285714	 4889.87	7	9	 22110	10	7.0
4.0	310.3545235	 639.388	2	9	 28736	10	7.0
1.5	-305.4698791503906	 2327.68	2	21	 25198	24	7.0
4.0	-83.24199399999998	 958.152	1	4	 32459	5	6.0
7.545454545454546	-129.5364660909092	 9315.15	11	13	 34242	14	3.0
6.0	353.16747991744484	 935.1	3	7	 7917	7	9.0
10.222222222222221	106.036886	 6282.05	9	18	 24057	18	9.0
18.666666666666668	76.25420099999997	 3350.81	6	7	 41726	7	4.0
2.0	-29.869997000000012	 920.837	1	5	 3673	5	2.0
2.727272727272727	-366.30940699999996	 12672.4	11	26	 81608	27	3.0
2.5	243.70922550000003	 274.632	2	13	 96480	16	6.0
3.3333333333333335	-204.94895899999997	 1840.94	3	14	 22274	18	26.0
2.75	-6.2680782499999665	 3462.58	4	13	 42405	13	17.0
4.0	-150.10188380000005	 4608.83	5	20	 135119	23	6.0
7.2	-48.91713979999997	 3802.06	5	24	 70164	29	27.0
2.2857142857142856	-250.2780752857143	 5680.15	7	26	 239	46	27.0
7.0	372.8373160000001	 751.781	2	4	 3061	4	6.0
2.0	-130.57897400000002	 640.377	1	14	 20673	14	10.0
2.5	388.641022	 823.259	2	22	 32875	22	22.0
68.0	249.0455480000002	 549.931	1	3	 892	3	10.0
4.0	-351.04312045000006	 2262.67	2	9	 7623	10	5.0
5.7	-62.0927511	 8910.84	10	10	 16905	12	34.0
14.75	326.59460075000004	 1361.82	4	13	 31418	13	11.0
5.0	-100.40472600000004	 1683.2	2	8	 10834	10	1.0
10.833333333333334	77.67861383333337	 3031.9	6	10	 57622	12	12.0
25.0	387.4275795	 1573.97	4	7	 7125	8	18.0
2.6	-55.542684399999985	 3994.98	5	7	 15832	7	5.0
9.333333333333334	208.11541649999995	 2718.08	6	12	 5663	15	3.0
5.142857142857143	-116.97181694382587	 11426.6	14	39	 73601	40	41.0
6.4	-219.5179208	 4083.38	5	15	 9439	18	10.0
4.428571428571429	-33.75421785714289	 5275.31	7	29	 83026	30	4.0
11.0	-357.657662	 1105.32	1	6	 1885	6	24.0
1.5	-25.849019499999986	 2784.82	4	7	 7784	8	0.0
5.0	27.772625499999997	 981.954	2	2	 2216	2	3.0
10.0	-168.57666699999987	 976.425	1	3	 1170	3	4.0
14.333333333333334	250.82340166666668	 747.765	3	4	 1928	4	2.0
3.5555555555555554	-242.0933996666667	 8624.64	9	10	 34142	11	5.0
40.0	410.3992909999998	 366.577	1	2	 567	2	8.0
2.0	-70.31032233333336	 1902.49	3	15	 24587	15	1.0
1.375	-156.553855125	 7612.9	8	13	 27061	21	15.0
1.0	-37.427999	 887.905	1	12	 3943	12	5.0
17.5	16.33933149999995	 481.043	2	7	 2195	7	1.0
5.285714285714286	66.23366928571419	 3605.34	7	33	 177660	46	4.0
2.0	730.7716522216797	 -516.543	2	2	 245	2	12.0
1.0	-9.208708999999999	 555.034	1	8	 9073	8	6.0
14.5	-267.3968995000001	 4037.61	4	7	 6	13	11.0
1.0	166.0	 0	1	11	 32	11	8.0
6.0	-189.84661700000004	 942.705	1	3	 4995	3	14.0
7.875	-10.851667124999988	 5098.34	8	8	 10588	10	17.0
1.0	-140.0	 144	1	3	 1	4	8.0
4.5	-43.44475075	 3360.33	4	6	 6926	7	11.0
1.0	393.818	 15.182	1	5	 3864	5	12.0
59.785714285714285	174.59560857142858	 7434.38	14	17	 54576	20	23.0
1.5	14.653390999999992	 1378.9	2	9	 24797	11	11.0
19.5	49.081300999999996	 2718.13	4	12	 25	17	4.0
4.0	692.0	 206.493	1	11	 9395	11	5.0
31.0	284.0247483076922	 6223.36	13	12	 16517	14	16.0
6.714285714285714	77.70149171428577	 4916.81	7	21	 51005	26	7.0
6.0	-275.8880024	 4111.58	5	8	 10552	9	3.0
2.0	-126.588701	 712.261	1	8	 4183	8	7.0
3.0	-71.57219316666665	 5366.12	6	9	 78178	11	9.0
7.5	-218.58856949999992	 2178.32	2	6	 16788	8	4.0
10.0	134.79892725000002	 2478.46	4	7	 39524	7	6.0
2.6	-43.424096000000006	 4184.78	5	6	 15198	10	9.0
2.0	623.7452499999999	 -36.7452	1	10	 6304	12	4.0
3.25	-278.94041725000005	 4590.38	4	8	 63263	16	10.0
2.75	100.43958225	 2164.4	4	11	 16753	12	36.0
1.0	-21.365351000000032	 918.663	1	5	 8906	5	3.0
4.0	762.9969999999998	 78.961	1	14	 4234	14	14.0
2.8	-30.3950034	 7496.32	10	15	 57351	29	14.0
4.857142857142857	298.6058222857143	 1102.45	7	11	 231505	11	6.0
2.0	38.921938	 -7.92194	1	1	 47	1	2.0
6.0	281.81441374999997	 1659.68	4	13	 101	31	7.0
46.666666666666664	692.1819060282706	 34.5243	3	4	 14737	5	5.0
2.6	338.661539	 215.692	5	15	 944	15	9.0
1.0	-99.10098200000004	 960.164	1	9	 40857	10	13.0
105.6	780.5116064	 70.051	5	11	 10612	11	1.0
2.2857142857142856	-295.6605844761904	 20097.6	21	41	 253391	51	50.0
9.666666666666666	48.47447433333334	 8475.08	12	7	 1727	24	7.0
7.111111111111111	-5.066083398939323	 6113.06	9	8	 40519	16	8.0
8.5	-104.68314816666668	 5533.35	6	12	 31365	14	10.0
2.0	-11.550302166666663	 2621.1	6	17	 37742	19	25.0
11.0	306.09793824999997	 1827.44	4	10	 2178	10	14.0
2.6666666666666665	-52.361893466666686	 1929.83	3	8	 10768	10	27.0
6.777777777777778	-94.57500222222222	 7649.46	9	3	 14053	9	12.0
3.5	50.298649999999995	 1542.57	2	3	 1621	3	4.0
5.0	-155.538608	 694.074	1	7	 17804	7	11.0
3.0	-27.278639	 876.928	1	7	 6807	8	12.0
7.428571428571429	195.75833099999997	 1353.82	7	8	 138672	12	11.0
2.0	83.9663861	 134.034	1	5	 888	5	18.0
6.0	335.81257800000003	 12.1431	1	18	 26537	18	8.0
3.0	796.819252	 -93.6943	1	7	 698	9	16.0
3.0	-490.67409900000007	 1287.89	1	11	 24929	11	1.0
2.0	119.5028382	 350.777	1	9	 24212	9	2.0
4.0	-268.27336299999996	 945.925	2	5	 2258	5	29.0
13.5	263.107177	 425.786	2	14	 762	14	1.0
3.0	323.38020451137	 2884.93	7	2	 10844	12	22.0
2.0	19.8488665	 78.3023	2	17	 10265	18	16.0
1.5	43.454192500000005	 593.962	2	41	 4051	42	12.0
14.176470588235293	-131.98216076470587	 15217.8	17	23	 142984	30	6.0
6.333333333333333	30.743459333333345	 2244.08	3	5	 2724	6	22.0
1.0	-20.017471999999998	 786.629	1	6	 2664	6	9.0
3.8	51.2368412	 2787.98	5	26	 37376	28	6.0
1.6666666666666667	-259.678204	 5783.48	6	14	 19414	16	5.0
2.5	-90.86588599999997	 1260.45	2	8	 5494	9	5.0
1.0	-105.15148800000003	 1755.91	2	4	 6448	4	24.0
31.0	36.79240400000003	 806.582	1	12	 24354	13	46.0
28.0	-305.82714500000014	 1008.74	1	5	 5732	5	3.0
15.0	290.479629	 642.041	2	6	 10328	7	13.0
5.333333333333333	-23.425505200000007	 10032.6	15	19	 9086	19	22.0
2.0	33.296002	 -4.296	1	1	 31	1	21.0
1.5	555.0	 586.986	2	9	 17687	12	1.0
2.5	-11.847969500000021	 949.652	2	15	 30999	15	10.0
5.0	-36.41246850000002	 884.047	2	10	 277597	15	6.0
1.0	-83.415485	 2682.96	4	11	 8164	11	11.0
2.0	-68.1488640972046	 8830.44	10	11	 27263	17	25.0
14.2	-36.493840200000044	 3484.81	5	6	 40305	6	3.0
9.0	-67.20500300000018	 856.093	1	3	 2303	3	5.0
16.0	402.978204	 318.86	1	10	 8885	10	6.0
6.285714285714286	-135.10383928571426	 6536.78	7	13	 19752	14	15.0
4.615384615384615	-232.48143138461535	 13356	13	24	 185409	27	22.0
2.75	9.136791500000008	 1787.04	4	5	 17528	5	16.0
9.0	134.9393269999999	 1597.63	4	1	 64504	5	8.0
3.6363636363636362	119.522384	 5369.84	11	20	 24241	20	5.0
12.857142857142858	195.23789157142852	 3747.59	7	8	 4964	8	5.0
10.5	-120.48232999999982	 1806.52	2	3	 5801	3	10.0
5.0	-153.59298	 304.431	1	4	 10408	4	12.0
2.5	-453.2467525	 2360.35	2	13	 7837	18	21.0
6.666666666666667	71.96405199999998	 1481.18	3	4	 2752	4	8.0
1.0	-804.1165000000001	 3255.72	2	10	 2735	13	6.0
17.0	101.0	 568	1	16	 1485	16	15.0
1.5	-78.02091449999999	 1562.68	2	8	 29281	9	7.0
2.5	-183.23050999999998	 2139.87	2	3	 3837	4	3.0
6.166666666666667	207.65090833333332	 2216.55	6	8	 48281	9	15.0
1.0	-104.116333	 1780.14	2	3	 5076	3	16.0
2.0	-49.67668866666668	 1759.06	3	4	 1843	4	15.0
6.333333333333333	259.859903	 1520.27	3	6	 6010	7	20.0
8.0	-93.54641350000003	 1785.09	2	2	 2693	2	5.0
22.75	335.68910875	 647.244	4	8	 695	9	0.0
13.166666666666666	-217.8681645555556	 15113.1	18	27	 236430	39	31.0
2.6666666666666665	-142.63384366666665	 1304.26	3	19	 20533	19	6.0
22.666666666666668	143.1558336666666	 1505.88	3	7	 17717	7	1.0
3.25	-1.809454500000001	 2986.32	4	3	 3018	4	14.0
1.0	-30.96624399999999	 829.887	1	36	 54	39	6.0
1.0	-14.203228999999993	 781.303	1	6	 1135	9	8.0
10.25	-48.599602749999974	 6814.35	8	12	 44641	12	7.0
2.0	23.480197333333383	 2109.54	3	10	 11971	10	4.0
1.0	172.543	 391.197	1	9	 10954	9	9.0
1.0	206.0	 5.333	1	3	 17150	4	13.0
6.75	45.85734074999999	 2809.62	4	19	 53955	19	5.0
1.5	-46.557531499999996	 710.601	2	3	 1594	3	31.0
4.0	0.0	 63	1	7	 722	8	13.0
2.0	66.18877633333331	 1275.06	3	7	 12564	13	2.0
3.7058823529411766	180.88706331973805	 8763.21	17	9	 20708	24	34.0
6.5	-391.45057299999996	 2150.47	2	10	 116849	11	7.0
5.555555555555555	13.329350666666667	 6814.79	9	9	 104538	14	2.0
7.5	-263.629697	 1860.81	2	3	 3693	3	19.0
1.3333333333333333	506.681491	 954.085	3	3	 3853	3	3.0
3.0	-76.94298300000001	 1159.08	2	7	 10211	7	10.0
1.0	-18.966	 763.527	1	17	 80235	21	16.0
6.333333333333333	106.63904833333332	 742.232	3	8	 5289	8	12.0
6.0	469.412626	 404.175	2	4	 253	4	1.0
10.4	2183.9583745700006	 -14498.1	10	15	 9398	16	6.0
11.153846153846153	610.0843326153846	 798.851	13	18	 9823	18	0.0
24.0	-616.3887880000001	 1381.41	1	5	 76	7	12.0
2.5	128.91212099999996	 731.47	2	4	 47776	4	10.0
2.2	-32.615722399999996	 3606.2	5	7	 47932	9	5.0
3.0	-34.308718	 2070.08	3	5	 11730	5	5.0
8.666666666666666	-176.87598233333333	 2035.38	3	5	 5947	8	7.0
2.0	8.818	 -4.249	1	17	 5549	18	22.0
6.0	1080.8367440000002	 -375.141	1	11	 9787	11	12.0
5.25	107.2569515	 2291.26	4	4	 2263	8	4.0
4.612903225806452	114.99450006451612	 14621.8	31	35	 47428	35	17.0
4.0	55.027127799999974	 2199.44	5	20	 1220	21	4.0
4.5	968.28811925	 -927.403	4	7	 1187	7	6.0
10.5	-143.9774999999999	 1563.21	2	13	 25475	13	26.0
1.0	-370.64318525000004	 2311.4	2	4	 3133	5	9.0
5.0	141.41695842857143	 3775.24	7	14	 20371	15	2.0
8.5	6.866078499999986	 1523.47	2	2	 28	2	0.0
6.0	-197.05152700000002	 1071.8	1	11	 20632	11	14.0
6.333333333333333	401.3395728333333	 2323.86	6	13	 43152	16	19.0
3.857142857142857	-94.03919557142856	 6306.99	7	16	 20187	18	5.0
1.0	-19.42639399999996	 818.358	1	4	 1539	5	5.0
2.6666666666666665	-45.81132266666668	 2503.79	3	6	 34538	7	5.0
1.6666666666666667	152.68844033333335	 1067.25	3	4	 1298	4	10.0
1.0	139.753034	 350.535	1	5	 22347	5	1.0
4.0	56.89566500000001	 399.525	1	6	 281	6	27.0
2.7142857142857144	-91.86210330000002	 3887.91	7	12	 6240	13	4.0
1.0	189.326731	 97.1392	1	3	 407	3	15.0
11.333333333333334	243.19256373333337	 2866.53	6	8	 2600	8	3.0
3.0	-34.606973999999944	 897.558	1	10	 851	12	6.0
4.5	-66.90672399999995	 1795.52	2	12	 1762	12	14.0
1.0	39.551230000000004	 270.479	1	3	 304	3	5.0
2.5	-43.39374049999999	 1020.6	2	4	 4361	4	3.0
1.0	-59.54510498046875	 779.09	1	6	 6765	6	3.0
5.285714285714286	-46.59796957142855	 4255.41	7	7	 5787	8	4.0
5.0	-2.5809958333333043	 4235.51	6	21	 30274	21	13.0
4.0	-13.971368999999973	 4945.93	7	8	 10733	14	5.0
1.0	-23.86099999999999	 828.872	1	9	 16221	10	2.0
1.3333333333333333	-20.414283000000008	 2024.82	3	14	 17286	14	3.0
4.0	408.7487245053053	 1134.89	4	16	 27693	16	20.0
3.5	354.92751400000003	 650.583	2	4	 1694	4	16.0
1.0	73.9	 0.1	1	6	 2956	6	7.0
18.0	592.7616771999999	 594.652	5	6	 5693	6	7.0
4.0	-81.54582600000003	 768.867	1	8	 68851	8	7.0
5.4	-226.39371078	 5062.76	5	9	 14617	9	4.0
11.25	90.21710149999993	 1872.69	4	11	 8908	11	11.0
6.6	20.55764620000002	 3376.22	5	15	 17755	16	0.0
8.0	270.93581500000005	 527.873	1	2	 544	2	5.0
3.4	-20.112918	 2596.16	5	8	 6551	8	10.0
6.428571428571429	25.371496428571454	 5403.43	7	16	 60268	18	7.0
2.8	-191.82994220000003	 4811	5	17	 82828	18	44.0
3.6666666666666665	-33.413908000000006	 2484.49	3	20	 11239	22	9.0
3.3076923076923075	14.645924256850002	 9488.85	13	12	 37888	30	24.0
4.0	-51.45663300000001	 975.747	2	6	 1201	7	8.0
6.0	256.97695875	 728.752	4	8	 140817	8	15.0
7.8	252.32038578000007	 3885.1	10	31	 110406	37	25.0
5.777777777777778	96.83227922222224	 5225.75	9	19	 42449	19	5.0
1.0588235294117647	734.5888354427674	 993.388	17	20	 4298	23	7.0
8.333333333333334	-47.5022846666667	 2457.22	3	6	 6766	6	7.0
3.7777777777777777	-23.569961777777774	 7025.74	9	15	 22764	16	18.0
15.666666666666666	417.5171533333333	 804.93	6	8	 3320	8	3.0
1.0	-54.02771933333332	 1584.54	3	7	 12567	9	5.0
15.0	-1118.9314409999997	 3868.75	2	2	 1747	3	10.0
1.5	-46.9585545	 1182.13	2	6	 3334	6	52.0
9.0	22.16620950000002	 6033.85	10	15	 44700	16	13.0
4.857142857142857	418.5144735714286	 1474.92	7	13	 13542	13	2.0
12.0	154.891521	 881.158	3	5	 6293	6	11.0
2.75	-4.42990944999999	 2453.71	4	12	 77662	14	3.0
1.0	-42.005998999999974	 871.318	1	4	 8163	4	9.0
3.3333333333333335	-436.0792836666667	 3586.9	3	6	 2279	6	26.0
6.0	-109.6283716666667	 1438.73	3	6	 4199	6	8.0
9.0	214.44759	 683.826	1	18	 36648	18	1.0
9.5	-95.85684349999991	 1622.37	2	5	 2533	5	7.0
43.5	569.6618244999999	 516.676	2	6	 3043	6	12.0
1.5	20.474173000000008	 1613.09	2	5	 4963	5	8.0
3.111111111111111	97.616564	 6311.8	9	34	 83437	35	57.0
2.4	-20.95390040000001	 4278.83	5	5	 32901	12	7.0
1.5	204.92553724999996	 2596.63	4	22	 133991	27	27.0
3.5	269.38015049999996	 151.32	2	11	 698	11	39.0
12.333333333333334	723.0228293333333	 -113.137	6	19	 4222	22	19.0
4.0	-44.36712399999999	 810.975	1	16	 7790	20	8.0
6.071428571428571	-234.25522335714282	 12182.4	14	20	 66612	21	7.0
6.0	-9.478432499999997	 1319.2	2	19	 12677	23	24.0
10.0	422.773639	 676.918	4	13	 3158	13	20.0
1.6666666666666667	-11.420356000000007	 2446.33	3	12	 8309	15	6.0
1.0	-15.227876400000014	 912.473	1	13	 3515	16	7.0
4.0	-68.90373600000001	 295.904	1	17	 568	17	12.0
11.5	146.47121828571434	 7416.07	14	13	 84717	15	20.0
2.5	-409.1591555	 2469.06	2	12	 30727	12	7.0
1.0	-6.786996000000045	 889.704	1	1	 45	1	20.0
4.166666666666667	-36.12571499999998	 4952.7	6	19	 17500	20	23.0
2.5	-460.9350045	 2565.1	2	6	 10908	6	19.0
7.333333333333333	3063.4007568359375	 -6858.15	3	3	 673	3	8.0
2.0	-24.47763049999999	 1532.13	2	28	 89592	29	11.0
1.0	-57.32982999999999	 1771.66	2	17	 20977	17	35.0
6.5	-242.21668799999995	 1279.33	2	4	 6319	5	6.0
7.25	-305.21284199999997	 4147.6	4	8	 3105	8	15.0
39.0	629.8548699999999	 267.608	1	5	 791	5	16.0
4.857142857142857	-158.55839042857147	 6502.67	7	10	 19252	10	9.0
4.142857142857143	-214.89153771428573	 5406.75	7	21	 59509	25	4.0
5.5	-380.95701049999985	 2047.68	2	8	 131055	9	2.0
18.5	276.237711	 991.825	2	6	 1071	6	6.0
1.0	-36.133952	 802.977	1	2	 890	2	4.0
2.0	-189.05456299999997	 1086.34	1	6	 2722	6	7.0
6.833333333333333	-186.03113550000003	 5598.92	6	10	 9934	10	3.0
1.0	4.37	 0	1	6	 2429	6	1.0
2.0	-29.01636074999999	 3188.59	4	10	 24727	10	12.0
5.8	-82.75677340000001	 3676.15	5	10	 22550	11	8.0
3.3333333333333335	255.79537200000001	 1251.1	3	14	 120978	18	3.0
2.0	-21.312517999999994	 1178.26	2	11	 18551	12	10.0
7.0	-54.94370999999998	 916.309	1	9	 8015	9	10.0
2.8333333333333335	-277.59595758333336	 11765.9	12	18	 10595	31	4.0
16.77777777777778	333.9606776666667	 3815.92	9	10	 12120	10	5.0
3.3333333333333335	230.831354	 915.506	3	9	 4116	9	6.0
3.0	18.018687999999997	 94.5609	1	7	 5395	8	2.0
11.333333333333334	-85.3774703333333	 1722.84	3	8	 34635	8	7.0
2.0	-349.417025	 367.273	1	8	 903	8	10.0
3.5	81.48135649999999	 988.037	2	1	 669	2	0.0
7.0	272.1675640000001	 936.049	3	10	 11006	12	5.0
8.0	-231.71400380000003	 1122.89	1	1	 1806	1	7.0
1.5	-18.554500000000004	 1520.34	2	21	 143957	24	18.0
3.0	-19.491999999999997	 48.432	1	9	 188	11	6.0
6.538461538461538	-134.539457	 24158.4	26	10	 174980	30	26.0
5.333333333333333	137.05408080000004	 1360.58	3	13	 8799	13	25.0
3.25	160.43421499999997	 1283.94	4	15	 2402	18	16.0
4.222222222222222	-51.20259044444445	 7382.51	9	13	 13002	16	14.0
4.75	47.33193700000001	 3170.58	4	15	 36921	16	5.0
2.0	45.60796125	 1797.64	4	8	 25856	8	2.0
11.9	166.7877858	 5495.93	10	17	 13270	17	9.0
6.75	159.59761624999996	 1242.92	4	12	 7182	12	2.0
5.181818181818182	104.8564131818182	 6113.91	11	20	 84171	20	13.0
2.25	-110.53938975	 1452.39	4	16	 39688	18	14.0
4.833333333333333	150.74448999999998	 3352.64	6	14	 20711	15	8.0
1.0	-131.934316	 263.869	1	6	 20709	9	31.0
5.0	-44.43682133333338	 2533.3	3	7	 7547	7	6.0
5.0	303.34	 0	1	1	 744	1	10.0
1.0	-14.660407	 39.3208	1	3	 806	5	9.0
1.0	-820.440185546875	 1668.88	1	1	 629	1	8.0
1.5	-41.35639750000003	 1828.13	2	11	 20402	11	14.0
3.6666666666666665	-324.3972923333333	 3477.4	3	5	 28550	8	10.0
6.571428571428571	-6.276934571428557	 4848.03	7	11	 26704	11	3.0
2.5	-71.70130249999997	 1526.32	2	6	 15341	7	10.0
4.5	-363.00301949999994	 2412.41	2	3	 123356	4	9.0
8.5	-3.9732104999999773	 2185.93	4	11	 56664	13	6.0
6.0	106.6192632499999	 2494.45	4	2	 0	7	30.0
4.666666666666667	-98.05980100000001	 2593.85	3	13	 10885	14	14.0
5.0	562.86334	 16.1367	1	1	 66	1	13.0
1.0	-26.5425016	 128.845	1	12	 3124	12	28.0
11.666666666666666	-45.58583222222223	 6769.37	9	10	 8264	11	26.0
4.5	47.37130950000002	 1998.49	4	53	 13084	54	2.0
1.0	-280.33212	 566.664	1	22	 278	24	11.0
3.0	10.35807500240071	 897.944	3	7	 11918	8	29.0
5.0	225.9129914	 1242.5	5	12	 12725	12	7.0
1.0	-43.095972	 840.005	1	9	 21921	11	19.0
83.75	977.486387625	 -2289.97	8	8	 33954	9	6.0
1.0	249.12185500000004	 838.772	2	6	 1944	6	10.0
9.928571428571429	-399.3424845714286	 14455.1	14	8	 26261	23	13.0
2.6666666666666665	192.40444533333334	 1877.31	3	16	 58968	16	6.0
3.4	-247.05092640000004	 4615.14	5	5	 2960	6	9.0
4.625	50.542108625	 5489.66	8	12	 26127	19	5.0
2.75	124.04801525	 2429.1	4	16	 29063	17	39.0
2.5	4.321815000000006	 99.1548	2	9	 179	9	3.0
4.0	-39.321934899999974	 783.85	1	7	 4489	7	23.0
1.0	1.0	 0	1	6	 55158	9	4.0
2.0	-37.794657	 443.24	1	2	 4415	3	11.0
7.0	25.313288999999997	 873.139	1	3	 9592	3	16.0
10.0	378.282212	 388.759	1	1	 398	1	14.0
32.666666666666664	542.2667426666668	 506.641	3	3	 579	3	5.0
19.11111111111111	-335.58086044444445	 10173.3	9	7	 54188	17	10.0
6.0	226.312	 125.688	1	3	 4613	3	7.0
14.333333333333334	-25.505699111111184	 6383.14	9	14	 93976	19	2.0
3.3333333333333335	-66.69944433333333	 5026.03	6	9	 47685	18	23.0
1.0	-82.692608	 175.385	1	4	 3383	4	4.0
9.5	-275.7849785	 3330.57	4	11	 1226	15	4.0
6.0	-128.90109799999996	 971.148	1	2	 3993	2	3.0
6.833333333333333	219.13608533333323	 2848.94	6	11	 4354	11	16.0
2.0	38.966013000000004	 855.19	1	11	 4146	14	13.0
11.166666666666666	-2.9231783333333063	 4029.81	6	15	 25920	18	7.0
2.0	2.3926989999999932	 698.607	1	14	 8163	14	4.0
44.5	194.3481096666667	 3697.19	6	6	 10331	6	28.0
1.0	-11.853355	 2258.81	3	16	 9767	16	10.0
13.666666666666666	189.37719333333337	 1780.44	3	3	 1778	4	12.0
2.25	-159.42080775	 2476.96	4	9	 42668	9	22.0
1.6666666666666667	-11.128223999999998	 1336.9	3	11	 7352	11	19.0
3.3333333333333335	-112.17404266666667	 1963.35	3	13	 5904	14	17.0
8.875	96.19182512499995	 5402.67	8	12	 53433	14	6.0
9.0	-406.0376786000004	 1133.93	1	5	 1038	7	6.0
4.0	25.749523666666693	 2053.53	3	14	 84177	19	16.0
12.5	92.775667	 1579.9	2	4	 2128	4	14.0
9.25	392.78932875	 1102.23	4	7	 1926	7	6.0
2.0	56.32491633333334	 1452.83	3	17	 33983	17	11.0
2.0	-32.0915	 1536.2	2	5	 4350	5	4.0
5.583333333333333	155.37295433333335	 5307.8	12	14	 38775	14	1.0
4.0	162.481692	 604.65	1	1	 621	1	6.0
18.5	287.32133325	 592.704	2	33	 16099	35	22.0
2.0	8.607023000000027	 858.427	1	3	 633	3	11.0
10.75	373.8046442499999	 1363.35	4	7	 8730	9	14.0
8.0	163.79440549999995	 1507.02	4	3	 4349	6	4.0
6.5	56.88760275000001	 4862.54	8	20	 25562	21	11.0
2.75	-50.62343950000002	 2791.44	4	5	 7434	7	19.0
1.0	14.41	 0	1	5	 245	5	13.0
4.5	588.7141915	 54.1432	4	5	 73	5	6.0
1.0	-68.99302799999998	 841.936	1	10	 12619	10	14.0
3.0	-53.03366399999997	 820.146	1	2	 5481	2	8.0
21.0	-603.08869	 1426.13	1	1	 2265	1	4.0
13.857142857142858	179.39310842857142	 6222.56	14	14	 9380	17	14.0
16.555555555555557	-255.73004496296295	 26956.3	27	12	 97610	31	32.0
4.0	331.44496900000007	 7.55503	1	7	 20961	7	2.0
14.5	102.18057800000003	 1177.16	2	3	 114	3	6.0
14.25	116.51501749999996	 2257	4	4	 2308	4	20.0
9.0	1795.9550000000002	 -1028.86	1	2	 260	2	10.0
9.2	-80.71943719999999	 3867.56	5	11	 14203	21	15.0
15.0	199.08326724999995	 2131.95	4	6	 24537	6	14.0
5.0	140.3696336666667	 957.945	3	7	 961	9	3.0
5.5	-31.880329874999987	 4559.12	8	10	 18866	10	0.0
4.333333333333333	-133.66680199999993	 2610.91	3	10	 32227	10	8.0
10.333333333333334	179.05257600000002	 7471.79	15	29	 52898	30	21.0
3.142857142857143	-86.23947428571428	 6055.26	7	20	 51683	20	8.0
12.0	-1192.984802	 2083.99	1	31	 7313	31	5.0
1.0	-211.43474066666667	 2350.68	3	23	 61287	25	7.0
3.6	3.591969999999992	 2922.24	5	6	 3265	13	8.0
4.142857142857143	-161.360801	 6336.85	7	22	 47178	24	35.0
6.0	23.30694600000004	 2475.93	3	7	 15231	7	10.0
17.857142857142858	357.6541467142858	 2674	7	22	 19228	25	42.0
2.5	-53.3775775	 5768.38	8	13	 9940	13	12.0
3.0	-620.1459399999999	 664.792	1	9	 14970	10	3.0
4.0	322.145013	 998.775	2	9	 22670	12	8.0
5.142857142857143	177.92917252026805	 7016.78	14	17	 38248	21	22.0
1.0	-47.66210083333334	 5374.24	6	11	 13601	12	13.0
2.0	112.4116662	 -47.4117	1	2	 41	2	1.0
14.5	-6.9808319999999995	 3350.57	4	11	 15426	11	3.0
2.0	15.370000000000012	 804.116	2	12	 6901	13	9.0
3.8333333333333335	-49.64583725000002	 7665.42	12	20	 113099	23	6.0
1.6666666666666667	-39.675060333333306	 2154.58	3	8	 23096	10	7.0
3.0	4.87	 4.06	1	4	 69	4	37.0
2.0	-10.625729999999999	 1020.89	3	3	 853	5	10.0
1.0	-3.351999	 509.153	1	5	 13450	6	6.0
2.0	188.09126750000001	 158.615	2	29	 311	29	6.0
2.3333333333333335	-56.028985999999975	 1848.86	3	14	 26044	14	5.0
13.75	733.6817545499802	 -721.822	4	9	 6170	9	11.0
41.0	88.32287383333339	 2116.95	6	13	 12251	13	11.0
16.0	-36.30328175000005	 3051.51	4	7	 23471	8	43.0
12.818181818181818	-226.69406063636367	 9364.84	11	7	 76471	13	7.0
3.5	190.38922325	 969.086	4	5	 1683	7	8.0
3.6666666666666665	-56.80982183333333	 4398.45	6	16	 11798	18	14.0
4.25	-66.83221449999999	 3018.51	4	19	 99756	19	5.0
6.0	260.51780899999994	 1038.45	2	6	 3853	10	6.0
1.0	-60.0	 66.3803	1	12	 4800	12	20.0
1.0	97.996826	 170.003	1	7	 4521	9	2.0
5.5	-234.06870225000006	 3238.42	4	3	 1627	5	1.0
9.333333333333334	-37.91466666666664	 1923.43	3	14	 6489	14	4.0
10.333333333333334	398.35980866666665	 365.791	3	10	 2583	12	4.0
2.0	-6.381242750000013	 3186.89	4	6	 73252	10	6.0
2.6666666666666665	113.09809466666667	 1731.3	3	12	 4819	12	3.0
16.555555555555557	327.31179011111095	 3125.99	9	6	 11429	13	23.0
7.25	1809.24677125	 -5058.99	4	8	 2775	8	18.0
6.0	594.8939670038224	 768.582	5	7	 49644	7	7.0
128.375	717.0306282500001	 -101.442	16	13	 25446	17	20.0
7.846153846153846	298.41880811362165	 6134.95	13	17	 175529	21	14.0
3.5	-277.92893175	 3716.5	4	5	 6115	6	32.0
9.8	-427.08679606000004	 5787.28	5	12	 33354	13	6.0
2.0	-468.7146911621094	 2700.22	2	13	 8110	19	41.0
14.25	-267.94111150000003	 3972.59	4	13	 18648	13	25.0
2.0	-51.27531833333334	 1827.62	3	7	 34962	7	3.0
2.0	19.099005000000034	 738.73	1	5	 3575	5	24.0
2.0	-28.10632066666666	 869.935	3	7	 6148	7	42.0
18.0	299.30409571428567	 3393.81	7	8	 2634	8	5.0
51.0	139.2348333749998	 5631.97	8	11	 46002	13	9.0
4.333333333333333	-47.118028999999986	 7088.28	9	12	 41421	14	2.0
3.0	-221.68293792857145	 5755.79	7	18	 17746	18	34.0
6.6	841.1784348487854	 -783.813	10	12	 150443	22	33.0
2.0	-39.108414	 1712.59	2	1	 1621	2	4.0
3.0	-205.5166105	 2000.36	2	3	 2305	4	6.0
6.3076923076923075	-226.81654076923076	 11320	13	15	 8725	29	12.0
16.6	382.33182780000004	 1136.33	5	7	 4449	7	41.0
3.0	62.955405125	 3954.2	8	24	 225054	29	13.0
2.0	11.613334000000002	 690.922	1	8	 15678	11	8.0
3.25	-83.65632374999998	 3567.39	4	9	 5652	16	3.0
1.0	-12.459498999999994	 1691.73	2	11	 6830	11	11.0
10.833333333333334	-99.24978250000008	 4878.39	6	3	 43839	7	3.0
8.666666666666666	93.9373739999999	 1905.71	3	27	 20046	34	30.0
2.5	-95.93883895874023	 911.472	2	2	 14128	2	10.0
1.0	-390.735736	 793.471	1	19	 13725	19	1.0
4.25	-400.5298434495926	 3047.74	4	5	 15610	7	5.0
5.0	83.35886359570311	 1538.34	3	6	 3810	9	5.0
2.0	92.506645	 19.4934	1	2	 72	2	13.0
2.0	-68.802666	 187.224	1	9	 1387	9	2.0
3.0	-259.83182360331216	 1472.16	3	13	 20959	13	8.0
4.714285714285714	-55.67347757142858	 4742.61	7	8	 13523	8	7.0
3.5	-145.40423950000002	 3890.47	6	18	 15118	19	3.0
4.0	-681.9656725	 4605.61	4	8	 3437	13	20.0
1.6	89.0856948	 2975.92	5	8	 11409	8	3.0
3.0	0.0	 864.275	1	17	 10594	24	25.0
10.5	-247.70404385714286	 13662.7	14	24	 155891	27	15.0
8.333333333333334	-224.4832573333333	 2854.58	3	4	 3627	4	10.0
7.666666666666667	503.3190175	 969.706	6	8	 1878	8	7.0
3.5	165.36949249999995	 1216.82	2	7	 9125	7	7.0
2.142857142857143	1.5153461428571364	 3016.18	7	7	 4860	7	3.0
1.0	-164.894	 1488.82	2	7	 5803	7	6.0
7.0	-100.48247399999997	 1602.81	2	2	 31574	2	9.0
4.0	184.076007	 3189.23	6	10	 15485	10	8.0
6.0	-166.78052300000002	 492.545	1	19	 30845	20	2.0
1.0	15.785111499999982	 915.921	2	9	 38276	9	1.0
4.0	-347.065774	 1237.96	1	2	 2850	2	6.0
55.666666666666664	1993.2433089999995	 -3867.2	3	4	 15455	4	2.0
4.0	301.18752699999993	 935.7	2	8	 11771	8	36.0
1.6666666666666667	-59.822178	 1977.4	3	3	 4558	4	0.0
1.6666666666666667	41.55400100000001	 2291.86	3	9	 5066	9	13.0
9.5	-336.47910074999993	 4214.66	4	16	 14625	16	13.0
1.5	19.18231201171875	 1045.64	2	4	 2966	4	15.0
3.0	-194.45877066666665	 1618	3	11	 24701	12	2.0
1.5	-42.653027	 498.389	2	6	 11065	11	6.0
1.5	-2.1507665000000316	 1708.57	2	7	 4239	7	12.0
4.25	-169.67300849999998	 3633.93	4	8	 10123	8	4.0
2.0	161.9620618	 2263.71	5	13	 35805	13	7.0
2.0	-433.835918	 902.672	1	11	 2334	11	11.0
3.0	-46.35004099999992	 842.345	1	10	 3152	21	8.0
2.6666666666666665	-89.770214	 1806.76	3	4	 3059	4	7.0
4.0	499.15350482940676	 425.181	2	3	 958	4	9.0
5.0	110.48500200000001	 137.515	1	3	 6850	3	13.0
7.333333333333333	-198.43620100000007	 1745.97	3	3	 14587	3	0.0
2.0	-660.229219	 1448.85	1	3	 1786	3	13.0
1.0	38.9	 0.1	1	7	 38	7	4.0
4.0	-134.84984299999996	 879.474	1	2	 24383	2	5.0
3.0	578.2980170000001	 175.805	1	3	 584	3	7.0
1.3333333333333333	35.09421833333332	 1794.7	3	17	 44157	17	50.0
29.0	84.17952300000019	 671.08	1	1	 1134	1	8.0
9.285714285714286	182.08943571428566	 3672.35	7	16	 71152	18	16.0
2.6666666666666665	462.5662353999999	 478.493	3	7	 4157	7	3.0
3.5	-185.81876373291016	 1937.52	2	9	 5607	9	8.0
8.375	389.15783346250004	 2300.79	8	8	 189949	10	9.0
7.0	-78.47314520000003	 4513.48	5	9	 7082	9	3.0
8.307692307692308	4.459297230769227	 9263.91	13	20	 49823	23	22.0
4.833333333333333	11.74174850000002	 2868.99	6	8	 3816	8	6.0
9.0	84.62889699999992	 1392.13	2	2	 1637	3	2.0
2.0	-4.09197998046875	 365.72	1	1	 514	1	2.0
1.1	14.044896899999998	 7661.51	10	27	 122342	39	17.0
8.0	717.565255	 179.55	1	1	 63	1	25.0
5.0	151.9	 12.7	1	17	 5203	17	0.0
1.5	-58.12383649999998	 1446.06	2	17	 175587	23	2.0
6.666666666666667	-20.34506383333333	 3757.2	6	10	 34050	11	40.0
28.0	1.1490469999999107	 510.002	1	2	 740	2	3.0
2.0	-5.765804000000003	 702.535	1	7	 54043	9	17.0
1.0	-17.80498399999999	 842.722	1	5	 65984	7	3.0
1.0	-12.674806999999987	 801.364	1	6	 13056	6	20.0
26.25	277.99921575	 1995.88	4	4	 2333	4	10.0
6.0	249.7848395714286	 2607.08	7	18	 73375	19	35.0
8.5	-21.012407249999924	 2561.53	4	8	 30335	10	6.0
7.0	297.3302001953125	 350.877	1	4	 1640	5	7.0
1.0	25.872375	 17.1276	1	2	 17139	2	1.0
22.294117647058822	499.5523359411766	 4873.18	17	26	 198659	27	25.0
13.444444444444445	208.8518043333333	 3520.22	9	6	 8497	11	10.0
1.3333333333333333	-12.084057666666638	 2279.48	3	9	 20699	14	13.0
2.6666666666666665	12.460194666666686	 1885.72	3	10	 7171	11	11.0
3.0	46.730614	 12.2694	1	1	 4461	3	7.0
2.0	-322.12028443813324	 2361.63	2	7	 12642	8	1.0
14.0	-114.18143900000008	 1789.39	2	2	 49591	3	8.0
3.857142857142857	37.28916557142856	 4418.75	7	23	 18018	30	12.0
2.6	-83.7972166	 3402.84	5	9	 40308	9	4.0
1.5	-16.869329750000002	 2750.28	4	9	 53333	9	14.0
8.76923076923077	65.18224130769232	 6459.67	13	19	 31067	23	16.0
3.8	-129.7925436	 4270.43	5	6	 6399	9	10.0
2.0	285.71285900000004	 130.287	1	16	 547	16	21.0
2.8	-443.3590672	 5853.58	5	11	 24583	12	4.0
16.857142857142858	-143.68801842857138	 4046.9	7	9	 52804	9	4.0
1.0	161.39592	 60.6041	1	3	 282	3	1.0
5.0	307.6492085	 593.903	2	10	 15937	10	22.0
2.6666666666666665	-30.554885333333328	 2629.87	3	10	 15759	11	5.0
4.0	329.0	 0	1	6	 3852	7	4.0
5.0	-71.65566500000001	 4893.86	6	7	 26908	9	8.0
4.0	66.5164482857143	 3590.56	7	21	 94340	33	3.0
4.6	13.732942799999979	 3972.05	5	7	 67494	10	37.0
1.0	710.0	 0	1	10	 1348	10	9.0
9.222222222222221	-53.645777777777774	 7207.67	9	10	 9296	11	7.0
8.0	63.54070399999997	 3502.88	6	8	 4782	8	31.0
3.0	-83.69477933333333	 2593.3	3	21	 35905	23	11.0
8.857142857142858	-51.8890082857143	 5440.93	7	11	 28677	11	12.0
5.111111111111111	13.471667666666649	 6407.98	9	20	 88548	23	17.0
1.75	-85.74259710693359	 2514.62	4	5	 2042	10	13.0
4.25	41.190771875	 6373.7	8	11	 31230	12	5.0
1.8571428571428572	141.47969842857142	 3392.66	7	14	 9252	14	12.0
14.5	186.00601849999998	 1229.48	2	3	 2059	5	2.0
14.75	95.53195087499992	 4742.77	8	30	 47590	30	3.0
2.6666666666666665	445.202254	 -239.372	3	11	 2671	11	7.0
17.75	-63.93914062500006	 6241.35	8	17	 77889	18	16.0
7.0	-13.198999999999955	 637.199	1	18	 63291	19	8.0
5.5	1434.2374918460846	 -1980.15	2	15	 101573	23	18.0
7.5	-173.38094383333336	 5716.14	6	13	 11915	14	23.0
4.4	-98.97266580000003	 4385.65	5	12	 105209	14	4.0
2.0	216.7326875	 23.5346	2	8	 14353	8	3.0
4.0	241.94900900000005	 655.284	1	3	 2804	3	11.0
5.0	584.6282455	 106.223	2	5	 150	5	14.0
4.0	-57.659206	 116.918	1	6	 6627	6	11.0
4.4	2.2122297999999887	 4070.54	5	4	 2526	11	8.0
3.5	-69.22006050000002	 1286.42	2	4	 12252	5	8.0
4.5	-0.19923050000002718	 934.325	2	3	 3115	3	0.0
8.0	-176.4959187875	 7730.16	8	15	 13849	18	11.0
1.0	197.134529	 13.8655	1	7	 5201	7	19.0
5.666666666666667	-41.9188536666667	 3475.45	6	5	 9505	6	1.0
13.5	405.03913012500004	 2111.68	8	11	 24033	12	16.0
1.0	-30.849353499999992	 1141.17	2	8	 7184	8	7.0
6.666666666666667	192.29519883333333	 1841.35	6	7	 1810	8	9.0
2.5	-30.283173500000032	 1121.36	2	17	 51127	19	17.0
10.5	199.31622349999998	 3713.59	8	10	 18510	11	27.0
10.8	50.2452611333333	 10682.4	15	15	 26897	22	19.0
2.2	-206.80164227485656	 7187.28	10	22	 21880	24	32.0
7.0625	-205.11996199999996	 13631.8	16	21	 76784	24	11.0
1.6666666666666667	42.04968599999998	 1818.56	3	4	 4063	4	7.0
7.0	-34.395331999999996	 801.459	1	15	 2680	17	18.0
5.0	-52.429472500000024	 1577.3	2	14	 48682	15	14.0
4.0	109.90775028571429	 4522.21	7	9	 9242	9	6.0
8.333333333333334	-284.11490233333325	 3336.84	3	13	 16967	13	6.0
4.0	109.88234099999998	 352.718	2	5	 12665	5	2.0
1.6666666666666667	6.157834666666665	 1388.74	3	4	 1477	17	20.0
5.285714285714286	-264.6842613220215	 6601.28	7	21	 27527	23	20.0
4.0	-1462.568413	 2229.55	1	1	 245	1	7.0
17.428571428571427	427.4607351428571	 1687.51	7	13	 1433	15	1.0
2.3333333333333335	-150.01274933333332	 2355.37	3	7	 18116	12	25.0
8.0	180.07657299999997	 800.95	2	4	 22269	6	7.0
3.4	-92.78741220000002	 4327.35	5	20	 34753	20	10.0
11.0	955.7149300000001	 -66.2599	1	7	 2796	7	17.0
4.625	554.1393672500001	 791.738	8	22	 32754	24	3.0
2.8333333333333335	-61.176016499999996	 4862.02	6	5	 23166	7	6.0
3.5	-33.040538500000025	 1429.87	2	10	 8845	10	16.0
2.4285714285714284	-60.68699714285714	 5602.33	7	12	 23409	13	8.0
5.333333333333333	7.374590833333419	 1366.69	3	8	 4654	8	10.0
2.3333333333333335	-322.93328233333335	 2790.98	3	27	 43665	29	16.0
6.0	2943.368002	 -2176.16	1	7	 356	7	8.0
3.2	180.86021373513387	 2048.56	5	9	 34686	11	5.0
4.666666666666667	50.17225583394369	 1710.67	3	4	 40135	4	10.0
4.3	-165.92772556999998	 8208.01	10	12	 14500	16	14.0
2.6666666666666665	149.69898266666667	 2625.53	6	19	 35663	19	16.0
1.0	-51.04204400000003	 947.055	1	6	 5873	6	13.0
18.11111111111111	513.7080208333333	 2762.84	18	17	 17501	19	22.0
3.142857142857143	-71.18816733333337	 17448.6	21	35	 72771	36	24.0
8.0	304.44436300000007	 1612.76	4	5	 1856	5	5.0
2.0	62.892649000000006	 538.107	1	1	 1141	1	1.0
13.666666666666666	802.0291655193142	 -1591.21	9	20	 122303	20	15.0
11.0	464.336809	 22.4162	1	23	 21915	23	9.0
5.0	75.23506800000001	 950.758	2	4	 4653	4	7.0
8.416666666666666	126.5196810196241	 6625.74	12	7	 65266	13	9.0
2.8333333333333335	-91.80730147509765	 10295.1	12	29	 95130	33	5.0
3.0	159.68723710378012	 1750.91	3	10	 10663	10	11.0
7.333333333333333	-186.67312666666666	 2647.55	3	5	 35694	7	10.0
1.0	-18.892871999999997	 440.634	1	1	 939	1	11.0
6.444444444444445	921.5403892069922	 -1607.48	9	19	 20755	22	9.0
5.0	200.71787799999993	 626.282	1	7	 6271	8	15.0
6.0	-264.70918757142863	 6672.49	7	11	 9813	14	8.0
1.25	133.664371	 1464.5	4	11	 8231	11	11.0
2.5	-115.07447450000004	 2451.52	4	17	 1632	24	3.0
6.75	-683.88942475	 5935.59	4	10	 105463	11	25.0
6.0	6.539448750000005	 2507.56	4	5	 9265	5	17.0
2.7142857142857144	126.86731142857141	 3992.9	7	15	 119422	20	11.0
5.625	-33.38818100000002	 11724.8	16	25	 15472	32	7.0
3.0	494.4776005	 423.942	2	11	 14740	11	2.0
10.6	52.473130200000014	 3412.34	5	16	 6848	16	4.0
1.0	3.6	 0	1	30	 31764	30	4.0
2.909090909090909	-273.5835040909091	 11340.3	11	17	 47497	24	10.0
5.0	103.23304800000017	 683.767	1	4	 3167	6	11.0
5.0	-284.7736630859375	 4445.7	4	10	 9094	11	10.0
28.0	888.1107824999999	 -270.222	2	12	 2150	15	4.0
1.0	-420.18950299999995	 1317.48	1	11	 6309	13	2.0
1.0	16.28291750000001	 1099.24	2	7	 3667	8	10.0
6.0	-294.0199390000001	 2307.2	2	5	 13768	6	16.0
1.0	-115.10121700000002	 1004.65	1	9	 25378	9	5.0
